0.000000 1.001530
0.200000 1.001530
0.400000 1.001974
0.600000 1.001998
0.800000 1.001551
1.000000 1.001501
1.200000 1.001944
1.400000 1.002018
1.600000 1.001572
1.800000 1.001480
2.000000 1.001919
2.200000 1.002034
2.400000 1.001596
2.600000 1.001479
2.800000 1.001915
3.000000 1.002059
3.200000 1.001639
3.400000 1.001510
3.600000 1.001908
3.800000 1.002040
4.000000 1.001661
4.200000 1.001555
4.400000 1.001886
4.600000 1.001979
4.800000 1.001701
5.000000 1.001672
5.200000 1.001876
5.400000 1.001869
5.600000 1.001750
5.800000 1.001855
6.000000 1.001870
6.200000 1.001701
6.400000 1.001782
6.600000 1.002066
6.800000 1.001884
7.000000 1.001550
7.200000 1.001818
7.400000 1.002234
7.600000 1.001885
7.800000 1.001471
8.000000 1.001850
8.200000 1.002270
8.400000 1.001896
8.600000 1.001598
8.800000 1.001922
9.000000 1.002111
9.200000 1.001874
9.400000 1.001899
9.600000 1.002005
9.800000 1.001813
10.000000 1.001849
10.200000 1.002262
10.400000 1.002087
10.600000 1.001589
10.800000 1.001861
11.000000 1.002428
11.200000 1.002121
11.400000 1.001689
11.600000 1.001951
11.800000 1.002215
12.000000 1.002055
12.200000 1.002123
12.400000 1.002139
12.600000 1.001821
12.800000 1.001929
13.000000 1.002506
13.200000 1.002326
13.400000 1.001750
13.600000 1.001918
13.800000 1.002393
14.000000 1.002307
14.200000 1.002211
14.400000 1.002196
14.600000 1.001966
14.800000 1.002044
15.000000 1.002628
15.200000 1.002559
15.400000 1.001970
15.600000 1.001960
15.800000 1.002400
16.000000 1.002494
16.200000 1.002533
16.400000 1.002422
16.600000 1.002027
16.800000 1.002039
17.000000 1.002702
17.200000 1.002848
17.400000 1.002404
17.600000 1.002147
17.800000 1.002225
18.000000 1.002430
18.200000 1.002900
18.400000 1.002947
18.600000 1.002363
18.800000 1.002054
19.000000 1.002482
19.200000 1.002893
19.400000 1.003040
19.600000 1.002853
19.800000 1.002349
20.000000 1.002132
20.200000 1.002708
20.400000 1.003247
20.600000 1.003200
20.800000 1.002796
21.000000 1.002414
21.200000 1.002346
21.400000 1.002943
21.600000 1.003499
21.800000 1.003367
22.000000 1.002825
22.200000 1.002494
22.400000 1.002531
22.600000 1.003120
22.800000 1.003711
23.000000 1.003624
23.200000 1.003022
23.400000 1.002638
23.600000 1.002666
23.800000 1.003222
24.000000 1.003876
24.200000 1.003940
24.400000 1.003354
24.600000 1.002850
24.800000 1.002727
25.000000 1.003216
25.200000 1.004020
25.400000 1.004367
25.600000 1.003937
25.800000 1.003251
26.000000 1.002775
26.200000 1.002961
26.400000 1.003874
26.600000 1.004675
26.800000 1.004731
27.000000 1.004125
27.200000 1.003190
27.400000 1.002724
27.600000 1.003277
27.800000 1.004402
28.000000 1.005280
28.200000 1.005382
28.400000 1.004464
28.600000 1.003218
28.800000 1.002751
29.000000 1.003287
29.200000 1.004665
29.400000 1.006016
29.600000 1.006241
29.800000 1.005277
30.000000 1.003819
30.200000 1.002698
30.400000 1.002969
30.600000 1.004430
30.800000 1.006134
31.000000 1.007123
31.200000 1.006699
31.400000 1.005042
31.600000 1.003496
31.800000 1.002851
32.000000 1.003717
32.200000 1.005686
32.400000 1.007485
32.600000 1.008112
32.800000 1.007254
33.000000 1.005128
33.200000 1.003290
33.400000 1.002591
33.600000 1.003600
33.800000 1.005962
34.000000 1.008351
34.200000 1.009502
34.400000 1.008986
34.600000 1.006723
34.800000 1.004260
35.000000 1.002594
35.200000 1.002701
35.400000 1.004741
35.600000 1.007830
35.800000 1.010630
36.000000 1.012144
36.200000 1.011603
36.400000 1.010019
36.600000 1.008223
36.800000 1.007560
37.000000 1.008839
37.200000 1.012033
37.400000 1.016418
37.600000 1.020719
37.800000 1.023349
38.000000 1.023713
38.200000 1.021697
38.400000 1.018305
38.600000 1.014780
38.800000 1.012338
39.000000 1.011903
39.200000 1.013961
39.400000 1.018586
39.600000 1.024901
39.800000 1.032181
40.000000 1.039333
40.200000 1.045678
40.400000 1.050807
40.600000 1.054007
40.800000 1.054644
41.000000 1.052047
41.200000 1.046702
41.400000 1.039820
41.600000 1.032081
41.800000 1.024843
42.000000 1.016714
42.200000 1.008131
42.400000 1.001622
42.600000 1.000338
42.800000 1.008756
43.000000 1.030749
43.200000 1.068175
43.400000 1.114207
43.600000 1.152182
43.800000 1.161996
44.000000 1.139986
44.200000 1.105908
44.400000 1.105774
44.600000 1.239812
44.800000 1.720310
45.000000 2.560394
45.200000 2.771480
45.400000 1.793452
45.600000 1.002864
45.800000 0.865188
46.000000 0.848599
46.200000 0.698401
46.400000 0.641032
46.600000 0.638649
46.800000 0.902116
47.000000 1.067356
47.200000 1.394140
47.400000 1.355554
47.600000 1.013648
47.800000 0.742723
48.000000 0.696963
48.200000 0.652736
48.400000 0.704453
48.600000 0.879501
48.800000 0.824896
49.000000 0.738200
49.200000 0.761815
49.400000 0.777493
49.600000 0.774968
49.800000 0.803719
50.000000 0.802408
50.200000 0.773583
50.400000 0.733213
50.600000 0.747822
50.800000 0.836660
51.000000 0.868337
51.200000 0.721242
51.400000 0.638706
51.600000 0.664466
51.800000 0.725751
52.000000 0.944860
52.200000 1.324236
52.400000 1.489323
52.600000 1.140584
52.800000 0.945129
53.000000 0.654259
53.200000 0.639726
53.400000 0.691080
53.600000 0.849777
53.800000 0.862608
54.000000 0.987352
54.200000 1.737338
54.400000 2.731872
54.600000 2.582702
54.800000 1.750698
55.000000 1.253707
55.200000 1.109931
55.400000 1.106896
55.600000 1.139249
55.800000 1.160843
56.000000 1.150910
56.200000 1.113910
56.400000 1.068474
56.600000 1.031781
56.800000 1.009738
57.000000 1.001310
57.200000 1.002156
57.400000 1.008232
57.600000 1.016355
57.800000 1.024057
58.000000 1.031263
58.200000 1.039015
58.400000 1.046374
58.600000 1.051973
58.800000 1.054848
59.000000 1.054045
59.200000 1.050553
59.400000 1.045107
59.600000 1.038642
59.800000 1.031720
60.000000 1.024896
60.200000 1.019021
60.400000 1.014764
60.600000 1.012585
60.800000 1.012741
61.000000 1.014556
61.200000 1.017493
61.400000 1.020619
61.600000 1.022595
61.800000 1.022834
62.000000 1.020772
62.200000 1.017093
62.400000 1.012917
62.600000 1.009477
62.800000 1.007702
63.000000 1.007788
63.200000 1.009073
63.400000 1.010785
63.600000 1.011478
63.800000 1.010689
64.000000 1.008298
64.200000 1.005401
64.400000 1.003225
64.600000 1.002641
64.800000 1.003764
65.000000 1.006081
65.200000 1.008186
65.400000 1.009255
65.600000 1.008486
65.800000 1.006426
66.000000 1.004159
66.200000 1.002798
66.400000 1.003020
66.600000 1.004674
66.800000 1.006545
67.000000 1.007833
67.200000 1.007575
67.400000 1.006026
67.600000 1.004191
67.800000 1.003021
68.000000 1.003192
68.200000 1.004650
68.400000 1.006145
68.600000 1.006927
68.800000 1.006364
69.000000 1.004740
69.200000 1.003267
69.400000 1.002752
69.600000 1.003398
69.800000 1.004899
70.000000 1.005969
70.200000 1.005965
70.400000 1.004987
70.600000 1.003567
70.800000 1.002744
71.000000 1.003093
71.200000 1.004092
71.400000 1.005070
71.600000 1.005332
71.800000 1.004549
72.000000 1.003446
72.200000 1.002854
72.400000 1.002983
72.600000 1.003814
72.800000 1.004616
73.000000 1.004621
73.200000 1.004002
73.400000 1.003186
73.600000 1.002726
73.800000 1.003037
74.000000 1.003797
74.200000 1.004191
74.400000 1.004053
74.600000 1.003443
74.800000 1.002768
75.000000 1.002710
75.200000 1.003248
75.400000 1.003725
75.600000 1.003831
75.800000 1.003434
76.000000 1.002759
76.200000 1.002512
76.400000 1.002941
76.600000 1.003423
76.800000 1.003612
77.000000 1.003322
77.200000 1.002677
77.400000 1.002340
77.600000 1.002734
77.800000 1.003227
78.000000 1.003379
78.200000 1.003116
78.400000 1.002551
78.600000 1.002211
78.800000 1.002636
79.000000 1.003165
79.200000 1.003172
79.400000 1.002799
79.600000 1.002372
79.800000 1.002139
80.000000 1.002579
80.200000 1.003113
80.400000 1.002965
80.600000 1.002430
80.800000 1.002221
81.000000 1.002248
81.200000 1.002600
81.400000 1.002986
81.600000 1.002722
81.800000 1.002061
82.000000 1.002067
82.200000 1.002460
82.400000 1.002632
82.600000 1.002634
82.800000 1.002425
83.000000 1.001934
83.200000 1.002031
83.400000 1.002633
83.600000 1.002669
83.800000 1.002172
84.000000 1.002066
84.200000 1.002116
84.400000 1.002186
84.600000 1.002492
84.800000 1.002514
85.000000 1.001897
85.200000 1.001794
85.400000 1.002357
85.600000 1.002465
85.800000 1.002070
86.000000 1.002032
86.200000 1.002025
86.400000 1.001948
86.600000 1.002239
86.800000 1.002424
87.000000 1.001866
87.200000 1.001644
87.400000 1.002201
87.600000 1.002389
87.800000 1.001903
88.000000 1.001829
88.200000 1.002040
88.400000 1.001978
88.600000 1.001994
88.800000 1.002197
89.000000 1.001893
89.200000 1.001600
89.400000 1.002028
89.600000 1.002355
89.800000 1.001819
90.000000 1.001532
90.200000 1.002000
90.400000 1.002204
90.600000 1.001806
90.800000 1.001729
91.000000 1.001938
91.200000 1.001888
91.400000 1.001816
91.600000 1.002000
91.800000 1.001882
92.000000 1.001593
92.200000 1.001800
92.400000 1.002162
92.600000 1.001848
92.800000 1.001462
93.000000 1.001798
93.200000 1.002189
93.400000 1.001823
93.600000 1.001460
93.800000 1.001777
94.000000 1.002087
94.200000 1.001792
94.400000 1.001552
94.600000 1.001780
94.800000 1.001947
95.000000 1.001754
95.200000 1.001660
95.400000 1.001779
95.600000 1.001801
95.800000 1.001716
96.000000 1.001765
96.200000 1.001803
96.400000 1.001701
96.600000 1.001687
96.800000 1.001846
97.000000 1.001825
97.200000 1.001617
97.400000 1.001635
97.600000 1.001874
97.800000 1.001837
98.000000 1.001569
98.200000 1.001598
98.400000 1.001890
98.600000 1.001865
98.800000 1.001564
99.000000 1.001583
99.200000 1.001897
99.400000 1.001888
99.600000 1.001574
99.800000 1.001574
