0.000000 1.000606
0.200000 1.000606
0.400000 1.001064
0.600000 1.001114
0.800000 1.000643
1.000000 1.000538
1.200000 1.001027
1.400000 1.001192
1.600000 1.000677
1.800000 1.000454
2.000000 1.000992
2.200000 1.001280
2.400000 1.000718
2.600000 1.000389
2.800000 1.000960
3.000000 1.001325
3.200000 1.000753
3.400000 1.000394
3.600000 1.000934
3.800000 1.001253
4.000000 1.000775
4.200000 1.000564
4.400000 1.000935
4.600000 1.000992
4.800000 1.000765
5.000000 1.000924
5.200000 1.000973
5.400000 1.000593
5.600000 1.000730
5.800000 1.001324
6.000000 1.001027
6.200000 1.000301
6.400000 1.000685
6.600000 1.001411
6.800000 1.001056
7.000000 1.000513
7.200000 1.000759
7.400000 1.000952
7.600000 1.000883
7.800000 1.001122
8.000000 1.001053
8.200000 1.000413
8.400000 1.000558
8.600000 1.001382
8.800000 1.001328
9.000000 1.000625
9.200000 1.000562
9.400000 1.000797
9.600000 1.000964
9.800000 1.001302
10.000000 1.001252
10.200000 1.000473
10.400000 1.000299
10.600000 1.001029
10.800000 1.001481
11.000000 1.001248
11.200000 1.000884
11.400000 1.000400
11.600000 1.000379
11.800000 1.001151
12.000000 1.001757
12.200000 1.001289
12.400000 1.000563
12.600000 1.000209
12.800000 1.000448
13.000000 1.001232
13.200000 1.001944
13.400000 1.001549
13.600000 1.000618
13.800000 1.000104
14.000000 1.000361
14.200000 1.001141
14.400000 1.002004
14.600000 1.001859
14.800000 1.000822
15.000000 0.999824
15.200000 0.999613
15.400000 1.000233
15.600000 1.001552
15.800000 1.002342
16.000000 1.001984
16.200000 1.000880
16.400000 0.999928
16.600000 0.999788
16.800000 1.001137
17.000000 1.003070
17.200000 1.004438
17.400000 1.004617
17.600000 1.003678
17.800000 1.002457
18.000000 1.002681
18.200000 1.004648
18.400000 1.007934
18.600000 1.011329
18.800000 1.013111
19.000000 1.012776
19.200000 1.011341
19.400000 1.009989
19.600000 1.010438
19.800000 1.013010
20.000000 1.016505
20.200000 1.019682
20.400000 1.020942
20.600000 1.020278
20.800000 1.019219
21.000000 1.019530
21.200000 1.022957
21.400000 1.029755
21.600000 1.037922
21.800000 1.044964
22.000000 1.047465
22.200000 1.044602
22.400000 1.037385
22.600000 1.028547
22.800000 1.021068
23.000000 1.016840
23.200000 1.016964
23.400000 1.021839
23.600000 1.031313
23.800000 1.045329
24.000000 1.062695
24.200000 1.081079
24.400000 1.096213
24.600000 1.103149
24.800000 1.099011
25.000000 1.084140
25.200000 1.062764
25.400000 1.039189
25.600000 1.017578
25.800000 0.999447
26.000000 0.986198
26.200000 0.978122
26.400000 0.977656
26.600000 0.989157
26.800000 1.021562
27.000000 1.083179
27.200000 1.167403
27.400000 1.236646
27.600000 1.246688
27.800000 1.195050
28.000000 1.119805
28.200000 1.054670
28.400000 1.010302
28.600000 0.983182
28.800000 0.967146
29.000000 0.957268
29.200000 0.950717
29.400000 0.945825
29.600000 0.941825
29.800000 0.938337
30.000000 0.935416
30.200000 0.933905
30.400000 0.937070
30.600000 0.955769
30.800000 1.019368
31.000000 1.173816
31.200000 1.406438
31.400000 1.557416
31.600000 1.497285
31.800000 1.319888
32.000000 1.166827
32.200000 1.077825
32.400000 1.034646
32.600000 1.015280
32.800000 1.006831
33.000000 1.003155
33.200000 1.001538
33.400000 1.000813
33.600000 1.000480
33.800000 1.000321
34.000000 1.000243
34.200000 1.000203
34.400000 1.000181
34.600000 1.000167
34.800000 1.000158
35.000000 1.000151
35.200000 1.000146
35.400000 1.000142
35.600000 1.000140
35.800000 1.000140
36.000000 1.000139
36.200000 1.000137
36.400000 1.000135
36.600000 1.000133
36.800000 1.000131
37.000000 1.000130
37.200000 1.000130
37.400000 1.000131
37.600000 1.000132
37.800000 1.000132
38.000000 1.000132
38.200000 1.000131
38.400000 1.000130
38.600000 1.000129
38.800000 1.000128
39.000000 1.000129
39.200000 1.000129
39.400000 1.000130
39.600000 1.000130
39.800000 1.000129
40.000000 1.000129
40.200000 1.000128
40.400000 1.000128
40.600000 1.000129
40.800000 1.000131
41.000000 1.000132
41.200000 1.000132
41.400000 1.000131
41.600000 1.000130
41.800000 1.000128
42.000000 1.000128
42.200000 1.000128
42.400000 1.000129
42.600000 1.000130
42.800000 1.000132
43.000000 1.000132
43.200000 1.000131
43.400000 1.000130
43.600000 1.000128
43.800000 1.000126
44.000000 1.000125
44.200000 1.000126
44.400000 1.000127
44.600000 1.000128
44.800000 1.000128
45.000000 1.000128
45.200000 1.000127
45.400000 1.000126
45.600000 1.000124
45.800000 1.000123
46.000000 1.000123
46.200000 1.000123
46.400000 1.000124
46.600000 1.000125
46.800000 1.000125
47.000000 1.000125
47.200000 1.000125
47.400000 1.000124
47.600000 1.000123
47.800000 1.000122
48.000000 1.000122
48.200000 1.000122
48.400000 1.000123
48.600000 1.000123
48.800000 1.000123
49.000000 1.000123
49.200000 1.000123
49.400000 1.000123
49.600000 1.000122
49.800000 1.000122
50.000000 1.000122
50.200000 1.000122
50.400000 1.000122
50.600000 1.000123
50.800000 1.000123
51.000000 1.000123
51.200000 1.000123
51.400000 1.000123
51.600000 1.000123
51.800000 1.000122
52.000000 1.000122
52.200000 1.000122
52.400000 1.000123
52.600000 1.000124
52.800000 1.000125
53.000000 1.000125
53.200000 1.000125
53.400000 1.000125
53.600000 1.000124
53.800000 1.000123
54.000000 1.000123
54.200000 1.000123
54.400000 1.000124
54.600000 1.000126
54.800000 1.000127
55.000000 1.000128
55.200000 1.000128
55.400000 1.000128
55.600000 1.000127
55.800000 1.000126
56.000000 1.000125
56.200000 1.000126
56.400000 1.000128
56.600000 1.000130
56.800000 1.000131
57.000000 1.000132
57.200000 1.000132
57.400000 1.000130
57.600000 1.000129
57.800000 1.000128
58.000000 1.000128
58.200000 1.000128
58.400000 1.000130
58.600000 1.000131
58.800000 1.000132
59.000000 1.000132
59.200000 1.000131
59.400000 1.000129
59.600000 1.000128
59.800000 1.000128
60.000000 1.000129
60.200000 1.000129
60.400000 1.000130
60.600000 1.000130
60.800000 1.000129
61.000000 1.000129
61.200000 1.000128
61.400000 1.000129
61.600000 1.000130
61.800000 1.000131
62.000000 1.000132
62.200000 1.000132
62.400000 1.000132
62.600000 1.000131
62.800000 1.000130
63.000000 1.000130
63.200000 1.000131
63.400000 1.000134
63.600000 1.000136
63.800000 1.000139
64.000000 1.000141
64.200000 1.000142
64.400000 1.000145
64.600000 1.000148
64.800000 1.000154
65.000000 1.000164
65.200000 1.000179
65.400000 1.000202
65.600000 1.000242
65.800000 1.000318
66.000000 1.000473
66.200000 1.000799
66.400000 1.001511
66.600000 1.003101
66.800000 1.006717
67.000000 1.015020
67.200000 1.034034
67.400000 1.076430
67.600000 1.163965
67.800000 1.315252
68.000000 1.492794
68.200000 1.557200
68.400000 1.411005
68.600000 1.178715
68.800000 1.022095
69.000000 0.956894
69.200000 0.937517
69.400000 0.934114
69.600000 0.935527
69.800000 0.938404
70.000000 0.941844
70.200000 0.945834
70.400000 0.950693
70.600000 0.957282
70.800000 0.967144
71.000000 0.983234
71.200000 1.010234
71.400000 1.054435
71.600000 1.119048
71.800000 1.193856
72.000000 1.245398
72.200000 1.236282
72.400000 1.168151
72.600000 1.084722
72.800000 1.023062
73.000000 0.990547
73.200000 0.978560
73.400000 0.978851
73.600000 0.986282
73.800000 0.999315
74.000000 1.016773
74.200000 1.038396
74.400000 1.061784
74.600000 1.083741
74.800000 1.098890
75.000000 1.103452
75.200000 1.096338
75.400000 1.080978
75.600000 1.062449
75.800000 1.045177
76.000000 1.031679
76.200000 1.022539
76.400000 1.017968
76.600000 1.017650
76.800000 1.021305
77.000000 1.028128
77.200000 1.036282
77.400000 1.043379
77.600000 1.046761
77.800000 1.044910
78.000000 1.038870
78.200000 1.030700
78.400000 1.023780
78.600000 1.019632
78.800000 1.018593
79.000000 1.019531
79.200000 1.020287
79.400000 1.019580
79.600000 1.017103
79.800000 1.013585
80.000000 1.010944
80.200000 1.009976
80.400000 1.010698
80.600000 1.012250
80.800000 1.012709
81.000000 1.011399
81.200000 1.008530
81.400000 1.005121
81.600000 1.002834
81.800000 1.002383
82.000000 1.003097
82.200000 1.004244
82.400000 1.004420
82.600000 1.003245
82.800000 1.001490
83.000000 1.000128
83.200000 0.999721
83.400000 1.000621
83.600000 1.001735
83.800000 1.002174
84.000000 1.001701
84.200000 1.000642
84.400000 0.999647
84.600000 0.999755
84.800000 1.000637
85.000000 1.001563
85.200000 1.001935
85.400000 1.001511
85.600000 1.000486
85.800000 1.000077
86.000000 1.000535
86.200000 1.001289
86.400000 1.001734
86.600000 1.001576
86.800000 1.000662
87.000000 1.000085
87.200000 1.000473
87.400000 1.001197
87.600000 1.001496
87.800000 1.001393
88.000000 1.000729
88.200000 1.000185
88.400000 1.000598
88.600000 1.001393
88.800000 1.001392
89.000000 1.000998
89.200000 1.000661
89.400000 1.000417
89.600000 1.000712
89.800000 1.001458
90.000000 1.001335
90.200000 1.000559
90.400000 1.000473
90.600000 1.000905
90.800000 1.001009
91.000000 1.001135
91.200000 1.001116
91.400000 1.000528
91.600000 1.000386
91.800000 1.001190
92.000000 1.001394
92.200000 1.000664
92.400000 1.000502
92.600000 1.000951
92.800000 1.000956
93.000000 1.000883
93.200000 1.001064
93.400000 1.000777
93.600000 1.000426
93.800000 1.000957
94.000000 1.001399
94.200000 1.000749
94.400000 1.000312
94.600000 1.000950
94.800000 1.001307
95.000000 1.000755
95.200000 1.000527
95.400000 1.000925
95.600000 1.001009
95.800000 1.000768
96.000000 1.000834
96.200000 1.000915
96.400000 1.000720
96.600000 1.000749
96.800000 1.001063
97.000000 1.000949
97.200000 1.000553
97.400000 1.000702
97.600000 1.001162
97.800000 1.000996
98.000000 1.000493
98.200000 1.000641
98.400000 1.001174
98.600000 1.001050
98.800000 1.000506
99.000000 1.000590
99.200000 1.001145
99.400000 1.001103
99.600000 1.000549
99.800000 1.000549
