0.000000 1.001196
0.200000 1.001196
0.400000 1.000646
0.600000 1.000609
0.800000 1.001154
1.000000 1.001230
1.200000 1.000685
1.400000 1.000579
1.600000 1.001103
1.800000 1.001243
2.000000 1.000742
2.200000 1.000602
2.400000 1.001058
2.600000 1.001199
2.800000 1.000791
3.000000 1.000696
3.200000 1.001018
3.400000 1.001061
3.600000 1.000830
3.800000 1.000902
4.000000 1.000996
4.200000 1.000805
4.400000 1.000832
4.600000 1.001189
4.800000 1.001010
5.000000 1.000534
5.200000 1.000839
5.400000 1.001441
5.600000 1.001019
5.800000 1.000390
6.000000 1.000839
6.200000 1.001425
6.400000 1.001005
6.600000 1.000622
6.800000 1.000916
7.000000 1.001028
7.200000 1.000898
7.400000 1.001154
7.600000 1.001090
7.800000 1.000523
8.000000 1.000710
8.200000 1.001484
8.400000 1.001265
8.600000 1.000538
8.800000 1.000680
9.000000 1.001129
9.200000 1.001116
9.400000 1.001147
9.600000 1.001070
9.800000 1.000561
10.000000 1.000622
10.200000 1.001409
10.400000 1.001504
10.600000 1.000835
10.800000 1.000600
11.000000 1.000777
11.200000 1.001022
11.400000 1.001440
11.600000 1.001457
11.800000 1.000689
12.000000 1.000324
12.200000 1.000883
12.400000 1.001469
12.600000 1.001542
12.800000 1.001257
13.000000 1.000589
13.200000 1.000287
13.400000 1.000938
13.600000 1.001752
13.800000 1.001714
14.000000 1.001132
14.200000 1.000439
14.400000 1.000186
14.600000 1.000798
14.800000 1.001791
15.000000 1.001975
15.200000 1.001388
15.400000 1.000574
15.600000 1.000133
15.800000 1.000524
16.000000 1.001649
16.200000 1.002278
16.400000 1.001964
16.600000 1.000961
16.800000 0.999906
17.000000 0.999557
17.200000 1.000469
17.400000 1.001713
17.600000 1.002452
17.800000 1.002178
18.000000 1.000958
18.200000 0.999639
18.400000 0.999570
18.600000 1.000706
18.800000 1.002628
19.000000 1.004262
19.200000 1.004481
19.400000 1.003280
19.600000 1.001927
19.800000 1.001375
20.000000 1.002827
20.200000 1.006015
20.400000 1.009483
20.600000 1.011889
20.800000 1.012313
21.000000 1.010890
21.200000 1.009434
21.400000 1.009173
21.600000 1.010933
21.800000 1.014429
22.000000 1.017828
22.200000 1.019818
22.400000 1.019604
22.600000 1.017759
22.800000 1.016366
23.000000 1.017254
23.200000 1.021632
23.400000 1.029439
23.600000 1.038257
23.800000 1.045458
24.000000 1.047943
24.200000 1.045051
24.400000 1.038045
24.600000 1.029472
24.800000 1.022036
25.000000 1.017342
25.200000 1.016134
25.400000 1.018739
25.600000 1.025173
25.800000 1.035991
26.000000 1.051281
26.200000 1.070246
26.400000 1.089693
26.600000 1.103782
26.800000 1.106989
27.000000 1.096684
27.200000 1.076025
27.400000 1.050291
27.600000 1.025330
27.800000 1.003785
28.000000 0.987352
28.200000 0.975752
28.400000 0.970011
28.600000 0.971997
28.800000 0.987828
29.000000 1.027351
29.200000 1.099332
29.400000 1.190890
29.600000 1.255515
29.800000 1.249685
30.000000 1.183999
30.200000 1.103773
30.400000 1.040287
30.600000 0.999246
30.800000 0.975028
31.000000 0.960786
31.200000 0.952011
31.400000 0.945970
31.600000 0.941329
31.800000 0.937345
32.000000 0.933700
32.200000 0.930302
32.400000 0.927355
32.600000 0.925905
32.800000 0.930141
33.000000 0.954431
33.200000 1.037584
33.400000 1.232852
33.600000 1.495817
33.800000 1.614939
34.000000 1.494689
34.200000 1.290674
34.400000 1.141315
34.600000 1.062571
34.800000 1.026767
35.000000 1.011434
35.200000 1.004981
35.400000 1.002260
35.600000 1.001099
35.800000 1.000594
36.000000 1.000369
36.200000 1.000265
36.400000 1.000214
36.600000 1.000187
36.800000 1.000171
37.000000 1.000161
37.200000 1.000154
37.400000 1.000150
37.600000 1.000148
37.800000 1.000147
38.000000 1.000146
38.200000 1.000145
38.400000 1.000143
38.600000 1.000142
38.800000 1.000140
39.000000 1.000140
39.200000 1.000140
39.400000 1.000140
39.600000 1.000140
39.800000 1.000140
40.000000 1.000139
40.200000 1.000137
40.400000 1.000137
40.600000 1.000137
40.800000 1.000138
41.000000 1.000140
41.200000 1.000141
41.400000 1.000141
41.600000 1.000140
41.800000 1.000139
42.000000 1.000137
42.200000 1.000137
42.400000 1.000137
42.600000 1.000138
42.800000 1.000140
43.000000 1.000142
43.200000 1.000143
43.400000 1.000142
43.600000 1.000141
43.800000 1.000140
44.000000 1.000139
44.200000 1.000139
44.400000 1.000140
44.600000 1.000141
44.800000 1.000142
45.000000 1.000143
45.200000 1.000142
45.400000 1.000142
45.600000 1.000140
45.800000 1.000139
46.000000 1.000138
46.200000 1.000138
46.400000 1.000139
46.600000 1.000140
46.800000 1.000140
47.000000 1.000140
47.200000 1.000139
47.400000 1.000139
47.600000 1.000138
47.800000 1.000138
48.000000 1.000137
48.200000 1.000138
48.400000 1.000138
48.600000 1.000138
48.800000 1.000138
49.000000 1.000138
49.200000 1.000138
49.400000 1.000138
49.600000 1.000137
49.800000 1.000137
50.000000 1.000137
50.200000 1.000137
50.400000 1.000137
50.600000 1.000138
50.800000 1.000138
51.000000 1.000138
51.200000 1.000138
51.400000 1.000138
51.600000 1.000138
51.800000 1.000138
52.000000 1.000137
52.200000 1.000138
52.400000 1.000138
52.600000 1.000139
52.800000 1.000139
53.000000 1.000140
53.200000 1.000140
53.400000 1.000140
53.600000 1.000139
53.800000 1.000138
54.000000 1.000138
54.200000 1.000139
54.400000 1.000140
54.600000 1.000142
54.800000 1.000142
55.000000 1.000143
55.200000 1.000142
55.400000 1.000141
55.600000 1.000140
55.800000 1.000139
56.000000 1.000139
56.200000 1.000140
56.400000 1.000141
56.600000 1.000142
56.800000 1.000143
57.000000 1.000142
57.200000 1.000140
57.400000 1.000138
57.600000 1.000137
57.800000 1.000137
58.000000 1.000137
58.200000 1.000139
58.400000 1.000140
58.600000 1.000141
58.800000 1.000141
59.000000 1.000140
59.200000 1.000138
59.400000 1.000137
59.600000 1.000137
59.800000 1.000137
60.000000 1.000139
60.200000 1.000140
60.400000 1.000140
60.600000 1.000140
60.800000 1.000140
61.000000 1.000140
61.200000 1.000141
61.400000 1.000142
61.600000 1.000145
61.800000 1.000147
62.000000 1.000149
62.200000 1.000151
62.400000 1.000154
62.600000 1.000159
62.800000 1.000167
63.000000 1.000183
63.200000 1.000210
63.400000 1.000262
63.600000 1.000366
63.800000 1.000588
64.000000 1.001083
64.200000 1.002221
64.400000 1.004886
64.600000 1.011205
64.800000 1.026215
65.000000 1.061259
65.200000 1.138431
65.400000 1.285451
65.600000 1.488519
65.800000 1.612973
66.000000 1.500646
66.200000 1.239349
66.400000 1.041434
66.600000 0.956004
66.800000 0.930743
67.000000 0.926191
67.200000 0.927534
67.400000 0.930441
67.600000 0.933801
67.800000 0.937426
68.000000 0.941364
68.200000 0.945995
68.400000 0.951984
68.600000 0.960773
68.800000 0.974942
69.000000 0.999134
69.200000 1.039929
69.400000 1.103105
69.600000 1.182820
69.800000 1.248472
70.000000 1.254900
70.200000 1.191443
70.400000 1.100537
70.600000 1.028801
70.800000 0.989035
71.000000 0.973158
71.200000 0.970798
71.400000 0.976474
71.600000 0.987477
71.800000 1.003694
72.000000 1.024504
72.200000 1.049392
72.400000 1.074885
72.600000 1.096176
72.800000 1.106887
73.000000 1.104281
73.200000 1.090071
73.400000 1.070403
73.600000 1.051128
73.800000 1.035789
74.000000 1.025329
74.200000 1.019201
74.400000 1.016985
74.600000 1.018115
74.800000 1.022410
75.000000 1.029223
75.200000 1.037072
75.400000 1.043844
75.600000 1.047045
75.800000 1.045224
76.000000 1.039035
76.200000 1.030420
76.400000 1.022703
76.600000 1.017602
76.800000 1.016006
77.000000 1.017018
77.200000 1.018685
77.400000 1.019425
77.600000 1.018083
77.800000 1.014982
78.000000 1.011716
78.200000 1.009442
78.400000 1.009130
78.600000 1.010378
78.800000 1.011570
79.000000 1.011684
79.200000 1.009795
79.400000 1.006502
79.600000 1.003382
79.800000 1.001552
80.000000 1.001497
80.200000 1.002886
80.400000 1.004039
80.600000 1.004175
80.800000 1.003009
81.000000 1.001097
81.200000 0.999700
81.400000 0.999667
81.600000 1.000538
81.800000 1.001830
82.000000 1.002436
82.200000 1.001859
82.400000 1.000691
82.600000 0.999868
82.800000 0.999752
83.000000 1.000665
83.200000 1.001797
83.400000 1.002204
83.600000 1.001734
83.800000 1.000903
84.000000 1.000171
84.200000 1.000353
84.400000 1.001223
84.600000 1.001850
84.800000 1.001739
85.000000 1.001149
85.200000 1.000350
85.400000 1.000209
85.600000 1.000951
85.800000 1.001680
86.000000 1.001646
86.200000 1.001182
86.400000 1.000551
86.600000 1.000334
86.800000 1.000960
87.000000 1.001674
87.200000 1.001475
87.400000 1.000904
87.600000 1.000585
87.800000 1.000557
88.000000 1.001004
88.200000 1.001616
88.400000 1.001338
88.600000 1.000582
88.800000 1.000557
89.000000 1.000991
89.200000 1.001172
89.400000 1.001310
89.600000 1.001147
89.800000 1.000518
90.000000 1.000529
90.200000 1.001319
90.400000 1.001417
90.600000 1.000803
90.800000 1.000707
91.000000 1.000898
91.200000 1.000883
91.400000 1.001138
91.600000 1.001309
91.800000 1.000695
92.000000 1.000421
92.200000 1.001160
92.400000 1.001453
92.600000 1.000764
92.800000 1.000576
93.000000 1.001037
93.200000 1.001067
93.400000 1.000868
93.600000 1.001034
93.800000 1.000929
94.000000 1.000613
94.200000 1.000927
94.400000 1.001374
94.600000 1.000898
94.800000 1.000416
95.000000 1.000931
95.200000 1.001414
95.400000 1.000888
95.600000 1.000465
95.800000 1.000915
96.000000 1.001274
96.200000 1.000902
96.400000 1.000650
96.600000 1.000910
96.800000 1.001070
97.000000 1.000884
97.200000 1.000830
97.400000 1.000936
97.600000 1.000917
97.800000 1.000849
98.000000 1.000942
98.200000 1.000966
98.400000 1.000827
98.600000 1.000814
98.800000 1.000994
99.000000 1.000996
99.200000 1.000796
99.400000 1.000795
99.600000 1.001007
99.800000 1.001007
