0.000000 1.000003
0.200000 1.000003
0.400000 1.000004
0.600000 1.000005
0.800000 1.000006
1.000000 1.000008
1.200000 1.000012
1.400000 1.000016
1.600000 1.000022
1.800000 1.000031
2.000000 1.000042
2.200000 1.000058
2.400000 1.000079
2.600000 1.000108
2.800000 1.000146
3.000000 1.000197
3.200000 1.000265
3.400000 1.000354
3.600000 1.000473
3.800000 1.000630
4.000000 1.000837
4.200000 1.001112
4.400000 1.001477
4.600000 1.001966
4.800000 1.002626
5.000000 1.003530
5.200000 1.004789
5.400000 1.006580
5.600000 1.009189
5.800000 1.013082
6.000000 1.019026
6.200000 1.028244
6.400000 1.042592
6.600000 1.064551
6.800000 1.096558
7.000000 1.138818
7.200000 1.185310
7.400000 1.221089
7.600000 1.228167
7.800000 1.200860
8.000000 1.153680
8.200000 1.108943
8.400000 1.080231
8.600000 1.069537
8.800000 1.073221
9.000000 1.086510
9.200000 1.104430
9.400000 1.121450
9.600000 1.132022
9.800000 1.132591
10.000000 1.123578
10.200000 1.109150
10.400000 1.094634
10.600000 1.083820
10.800000 1.077985
11.000000 1.076421
11.200000 1.077399
11.400000 1.078979
11.600000 1.079578
11.800000 1.078325
12.000000 1.075167
12.200000 1.070694
12.400000 1.065761
12.600000 1.061117
12.800000 1.057180
13.000000 1.054014
13.200000 1.051427
13.400000 1.049123
13.600000 1.046828
13.800000 1.044375
14.000000 1.041717
14.200000 1.038907
14.400000 1.036050
14.600000 1.033249
14.800000 1.030575
15.000000 1.028058
15.200000 1.025689
15.400000 1.023442
15.600000 1.021289
15.800000 1.019210
16.000000 1.017201
16.200000 1.015271
16.400000 1.013434
16.600000 1.011706
16.800000 1.010101
17.000000 1.008625
17.200000 1.007282
17.400000 1.006069
17.600000 1.004984
17.800000 1.004025
18.000000 1.003189
18.200000 1.002473
18.400000 1.001872
18.600000 1.001382
18.800000 1.000992
19.000000 1.000691
19.200000 1.000468
19.400000 1.000308
19.600000 1.000199
19.800000 1.000129
20.000000 1.000087
20.200000 1.000064
20.400000 1.000052
20.600000 1.000047
20.800000 1.000045
21.000000 1.000043
21.200000 1.000041
21.400000 1.000038
21.600000 1.000035
21.800000 1.000033
22.000000 1.000033
22.200000 1.000034
22.400000 1.000035
22.600000 1.000038
22.800000 1.000039
23.000000 1.000040
23.200000 1.000040
23.400000 1.000039
23.600000 1.000038
23.800000 1.000037
24.000000 1.000037
24.200000 1.000037
24.400000 1.000037
24.600000 1.000038
24.800000 1.000038
25.000000 1.000039
25.200000 1.000038
25.400000 1.000038
25.600000 1.000037
25.800000 1.000036
26.000000 1.000035
26.200000 1.000034
26.400000 1.000034
26.600000 1.000034
26.800000 1.000034
27.000000 1.000035
27.200000 1.000035
27.400000 1.000035
27.600000 1.000034
27.800000 1.000033
28.000000 1.000032
28.200000 1.000032
28.400000 1.000031
28.600000 1.000031
28.800000 1.000030
29.000000 1.000031
29.200000 1.000031
29.400000 1.000031
29.600000 1.000031
29.800000 1.000031
30.000000 1.000030
30.200000 1.000030
30.400000 1.000029
30.600000 1.000029
30.800000 1.000028
31.000000 1.000028
31.200000 1.000027
31.400000 1.000027
31.600000 1.000027
31.800000 1.000027
32.000000 1.000027
32.200000 1.000027
32.400000 1.000027
32.600000 1.000027
32.800000 1.000027
33.000000 1.000026
33.200000 1.000026
33.400000 1.000025
33.600000 1.000025
33.800000 1.000025
34.000000 1.000025
34.200000 1.000025
34.400000 1.000025
34.600000 1.000025
34.800000 1.000025
35.000000 1.000025
35.200000 1.000024
35.400000 1.000024
35.600000 1.000024
35.800000 1.000024
36.000000 1.000024
36.200000 1.000023
36.400000 1.000023
36.600000 1.000023
36.800000 1.000023
37.000000 1.000022
37.200000 1.000022
37.400000 1.000022
37.600000 1.000022
37.800000 1.000022
38.000000 1.000022
38.200000 1.000022
38.400000 1.000022
38.600000 1.000022
38.800000 1.000022
39.000000 1.000022
39.200000 1.000022
39.400000 1.000022
39.600000 1.000021
39.800000 1.000021
40.000000 1.000021
40.200000 1.000021
40.400000 1.000021
40.600000 1.000021
40.800000 1.000021
41.000000 1.000021
41.200000 1.000021
41.400000 1.000021
41.600000 1.000021
41.800000 1.000021
42.000000 1.000021
42.200000 1.000021
42.400000 1.000021
42.600000 1.000020
42.800000 1.000020
43.000000 1.000020
43.200000 1.000020
43.400000 1.000020
43.600000 1.000020
43.800000 1.000020
44.000000 1.000020
44.200000 1.000020
44.400000 1.000020
44.600000 1.000020
44.800000 1.000020
45.000000 1.000020
45.200000 1.000020
45.400000 1.000020
45.600000 1.000020
45.800000 1.000019
46.000000 1.000019
46.200000 1.000019
46.400000 1.000019
46.600000 1.000019
46.800000 1.000019
47.000000 1.000019
47.200000 1.000019
47.400000 1.000019
47.600000 1.000019
47.800000 1.000019
48.000000 1.000019
48.200000 1.000019
48.400000 1.000019
48.600000 1.000019
48.800000 1.000019
49.000000 1.000019
49.200000 1.000019
49.400000 1.000019
49.600000 1.000019
49.800000 1.000019
50.000000 1.000019
50.200000 1.000019
50.400000 1.000019
50.600000 1.000019
50.800000 1.000019
51.000000 1.000019
51.200000 1.000019
51.400000 1.000019
51.600000 1.000019
51.800000 1.000019
52.000000 1.000019
52.200000 1.000019
52.400000 1.000019
52.600000 1.000019
52.800000 1.000019
53.000000 1.000019
53.200000 1.000019
53.400000 1.000019
53.600000 1.000019
53.800000 1.000019
54.000000 1.000019
54.200000 1.000019
54.400000 1.000020
54.600000 1.000020
54.800000 1.000020
55.000000 1.000020
55.200000 1.000020
55.400000 1.000020
55.600000 1.000020
55.800000 1.000020
56.000000 1.000020
56.200000 1.000020
56.400000 1.000020
56.600000 1.000020
56.800000 1.000020
57.000000 1.000020
57.200000 1.000020
57.400000 1.000020
57.600000 1.000021
57.800000 1.000021
58.000000 1.000021
58.200000 1.000021
58.400000 1.000021
58.600000 1.000021
58.800000 1.000021
59.000000 1.000021
59.200000 1.000021
59.400000 1.000021
59.600000 1.000021
59.800000 1.000021
60.000000 1.000021
60.200000 1.000021
60.400000 1.000021
60.600000 1.000022
60.800000 1.000022
61.000000 1.000022
61.200000 1.000022
61.400000 1.000022
61.600000 1.000022
61.800000 1.000022
62.000000 1.000022
62.200000 1.000022
62.400000 1.000022
62.600000 1.000022
62.800000 1.000022
63.000000 1.000022
63.200000 1.000023
63.400000 1.000023
63.600000 1.000023
63.800000 1.000023
64.000000 1.000024
64.200000 1.000024
64.400000 1.000024
64.600000 1.000024
64.800000 1.000024
65.000000 1.000025
65.200000 1.000025
65.400000 1.000025
65.600000 1.000025
65.800000 1.000025
66.000000 1.000025
66.200000 1.000025
66.400000 1.000025
66.600000 1.000025
66.800000 1.000026
67.000000 1.000026
67.200000 1.000027
67.400000 1.000027
67.600000 1.000027
67.800000 1.000027
68.000000 1.000027
68.200000 1.000027
68.400000 1.000027
68.600000 1.000027
68.800000 1.000027
69.000000 1.000028
69.200000 1.000028
69.400000 1.000029
69.600000 1.000029
69.800000 1.000030
70.000000 1.000030
70.200000 1.000031
70.400000 1.000031
70.600000 1.000031
70.800000 1.000031
71.000000 1.000031
71.200000 1.000030
71.400000 1.000031
71.600000 1.000031
71.800000 1.000032
72.000000 1.000032
72.200000 1.000033
72.400000 1.000034
72.600000 1.000035
72.800000 1.000035
73.000000 1.000035
73.200000 1.000034
73.400000 1.000034
73.600000 1.000034
73.800000 1.000034
74.000000 1.000035
74.200000 1.000036
74.400000 1.000037
74.600000 1.000038
74.800000 1.000038
75.000000 1.000039
75.200000 1.000038
75.400000 1.000038
75.600000 1.000037
75.800000 1.000037
76.000000 1.000037
76.200000 1.000037
76.400000 1.000038
76.600000 1.000039
76.800000 1.000040
77.000000 1.000040
77.200000 1.000039
77.400000 1.000038
77.600000 1.000035
77.800000 1.000034
78.000000 1.000033
78.200000 1.000033
78.400000 1.000035
78.600000 1.000038
78.800000 1.000041
79.000000 1.000043
79.200000 1.000045
79.400000 1.000047
79.600000 1.000052
79.800000 1.000064
80.000000 1.000087
80.200000 1.000129
80.400000 1.000199
80.600000 1.000308
80.800000 1.000468
81.000000 1.000691
81.200000 1.000992
81.400000 1.001382
81.600000 1.001872
81.800000 1.002473
82.000000 1.003189
82.200000 1.004025
82.400000 1.004984
82.600000 1.006069
82.800000 1.007282
83.000000 1.008625
83.200000 1.010101
83.400000 1.011706
83.600000 1.013434
83.800000 1.015271
84.000000 1.017201
84.200000 1.019210
84.400000 1.021289
84.600000 1.023442
84.800000 1.025689
85.000000 1.028058
85.200000 1.030575
85.400000 1.033249
85.600000 1.036050
85.800000 1.038907
86.000000 1.041717
86.200000 1.044375
86.400000 1.046828
86.600000 1.049123
86.800000 1.051427
87.000000 1.054014
87.200000 1.057180
87.400000 1.061117
87.600000 1.065761
87.800000 1.070694
88.000000 1.075167
88.200000 1.078325
88.400000 1.079578
88.600000 1.078979
88.800000 1.077399
89.000000 1.076421
89.200000 1.077985
89.400000 1.083820
89.600000 1.094634
89.800000 1.109150
90.000000 1.123578
90.200000 1.132591
90.400000 1.132022
90.600000 1.121450
90.800000 1.104430
91.000000 1.086510
91.200000 1.073221
91.400000 1.069537
91.600000 1.080231
91.800000 1.108943
92.000000 1.153680
92.200000 1.200860
92.400000 1.228167
92.600000 1.221089
92.800000 1.185310
93.000000 1.138818
93.200000 1.096558
93.400000 1.064551
93.600000 1.042592
93.800000 1.028244
94.000000 1.019026
94.200000 1.013082
94.400000 1.009189
94.600000 1.006580
94.800000 1.004789
95.000000 1.003530
95.200000 1.002626
95.400000 1.001966
95.600000 1.001477
95.800000 1.001112
96.000000 1.000837
96.200000 1.000630
96.400000 1.000473
96.600000 1.000354
96.800000 1.000265
97.000000 1.000197
97.200000 1.000146
97.400000 1.000108
97.600000 1.000079
97.800000 1.000058
98.000000 1.000042
98.200000 1.000031
98.400000 1.000022
98.600000 1.000016
98.800000 1.000012
99.000000 1.000009
99.200000 1.000007
99.400000 1.000005
99.600000 1.000005
99.800000 1.000005
