0.000000 1.000972
0.200000 1.000972
0.400000 1.000344
0.600000 1.000272
0.800000 1.000898
1.000000 1.001022
1.200000 1.000429
1.400000 1.000254
1.600000 1.000825
1.800000 1.000981
2.000000 1.000496
2.200000 1.000363
2.400000 1.000774
2.600000 1.000769
2.800000 1.000544
3.000000 1.000687
3.200000 1.000760
3.400000 1.000353
3.600000 1.000543
3.800000 1.001141
4.000000 1.000806
4.200000 0.999964
4.400000 1.000461
4.600000 1.001300
4.800000 1.000874
5.000000 1.000105
5.200000 1.000441
5.400000 1.000784
5.600000 1.000778
5.800000 1.000939
6.000000 1.000864
6.200000 1.000081
6.400000 1.000222
6.600000 1.001185
6.800000 1.001292
7.000000 1.000366
7.200000 1.000010
7.400000 1.000058
7.600000 1.000421
7.800000 1.001094
8.000000 1.001368
8.200000 1.000436
8.400000 0.999897
8.600000 1.000514
8.800000 1.001685
9.000000 1.002522
9.200000 1.002900
9.400000 1.002298
9.600000 1.001833
9.800000 1.002691
10.000000 1.004726
10.200000 1.006584
10.400000 1.007858
10.600000 1.008091
10.800000 1.007910
11.000000 1.008631
11.200000 1.010857
11.400000 1.013544
11.600000 1.015813
11.800000 1.016674
12.000000 1.015901
12.200000 1.014953
12.400000 1.015500
12.600000 1.017993
12.800000 1.022291
13.000000 1.026995
13.200000 1.030126
13.400000 1.031780
13.600000 1.032633
13.800000 1.033973
14.000000 1.036927
14.200000 1.040300
14.400000 1.041964
14.600000 1.040559
14.800000 1.035367
15.000000 1.029106
15.200000 1.024837
15.400000 1.025735
15.600000 1.034159
15.800000 1.049599
16.000000 1.069213
16.200000 1.087173
16.400000 1.097033
16.600000 1.095885
16.800000 1.084772
17.000000 1.068306
17.200000 1.050748
17.400000 1.034746
17.600000 1.021723
17.800000 1.011948
18.000000 1.007172
18.200000 1.009665
18.400000 1.024949
18.600000 1.058645
18.800000 1.112573
19.000000 1.172600
19.200000 1.209669
19.400000 1.201580
19.600000 1.156110
19.800000 1.098720
20.000000 1.049447
20.200000 1.014274
20.400000 0.991516
20.600000 0.977121
20.800000 0.968004
21.000000 0.962128
21.200000 0.958911
21.400000 0.959481
21.600000 0.968819
21.800000 1.000000
22.000000 1.077093
22.200000 1.215453
22.400000 1.366849
22.600000 1.424374
22.800000 1.353566
23.000000 1.230223
23.200000 1.128046
23.400000 1.065414
23.600000 1.032238
23.800000 1.015804
24.000000 1.007868
24.200000 1.004049
24.400000 1.002192
24.600000 1.001270
24.800000 1.000795
25.000000 1.000540
25.200000 1.000394
25.400000 1.000306
25.600000 1.000250
25.800000 1.000212
26.000000 1.000186
26.200000 1.000167
26.400000 1.000153
26.600000 1.000145
26.800000 1.000139
27.000000 1.000136
27.200000 1.000134
27.400000 1.000132
27.600000 1.000128
27.800000 1.000125
28.000000 1.000122
28.200000 1.000119
28.400000 1.000118
28.600000 1.000118
28.800000 1.000119
29.000000 1.000118
29.200000 1.000117
29.400000 1.000115
29.600000 1.000113
29.800000 1.000112
30.000000 1.000112
30.200000 1.000113
30.400000 1.000113
30.600000 1.000113
30.800000 1.000113
31.000000 1.000111
31.200000 1.000110
31.400000 1.000109
31.600000 1.000108
31.800000 1.000109
32.000000 1.000110
32.200000 1.000110
32.400000 1.000110
32.600000 1.000109
32.800000 1.000108
33.000000 1.000107
33.200000 1.000107
33.400000 1.000107
33.600000 1.000108
33.800000 1.000109
34.000000 1.000109
34.200000 1.000108
34.400000 1.000107
34.600000 1.000105
34.800000 1.000104
35.000000 1.000104
35.200000 1.000104
35.400000 1.000105
35.600000 1.000105
35.800000 1.000104
36.000000 1.000103
36.200000 1.000101
36.400000 1.000099
36.600000 1.000098
36.800000 1.000098
37.000000 1.000098
37.200000 1.000099
37.400000 1.000099
37.600000 1.000099
37.800000 1.000097
38.000000 1.000095
38.200000 1.000093
38.400000 1.000092
38.600000 1.000092
38.800000 1.000092
39.000000 1.000093
39.200000 1.000093
39.400000 1.000093
39.600000 1.000092
39.800000 1.000090
40.000000 1.000089
40.200000 1.000088
40.400000 1.000087
40.600000 1.000088
40.800000 1.000088
41.000000 1.000089
41.200000 1.000088
41.400000 1.000088
41.600000 1.000086
41.800000 1.000084
42.000000 1.000083
42.200000 1.000083
42.400000 1.000083
42.600000 1.000083
42.800000 1.000084
43.000000 1.000085
43.200000 1.000085
43.400000 1.000084
43.600000 1.000083
43.800000 1.000081
44.000000 1.000080
44.200000 1.000079
44.400000 1.000079
44.600000 1.000080
44.800000 1.000080
45.000000 1.000081
45.200000 1.000081
45.400000 1.000081
45.600000 1.000080
45.800000 1.000079
46.000000 1.000078
46.200000 1.000078
46.400000 1.000077
46.600000 1.000077
46.800000 1.000078
47.000000 1.000078
47.200000 1.000078
47.400000 1.000078
47.600000 1.000078
47.800000 1.000077
48.000000 1.000077
48.200000 1.000077
48.400000 1.000077
48.600000 1.000077
48.800000 1.000077
49.000000 1.000077
49.200000 1.000077
49.400000 1.000077
49.600000 1.000076
49.800000 1.000076
50.000000 1.000076
50.200000 1.000076
50.400000 1.000076
50.600000 1.000077
50.800000 1.000077
51.000000 1.000077
51.200000 1.000077
51.400000 1.000077
51.600000 1.000077
51.800000 1.000077
52.000000 1.000077
52.200000 1.000077
52.400000 1.000078
52.600000 1.000078
52.800000 1.000078
53.000000 1.000078
53.200000 1.000078
53.400000 1.000077
53.600000 1.000077
53.800000 1.000078
54.000000 1.000078
54.200000 1.000079
54.400000 1.000080
54.600000 1.000081
54.800000 1.000081
55.000000 1.000081
55.200000 1.000080
55.400000 1.000080
55.600000 1.000079
55.800000 1.000079
56.000000 1.000080
56.200000 1.000081
56.400000 1.000083
56.600000 1.000084
56.800000 1.000085
57.000000 1.000085
57.200000 1.000084
57.400000 1.000083
57.600000 1.000083
57.800000 1.000083
58.000000 1.000083
58.200000 1.000084
58.400000 1.000086
58.600000 1.000088
58.800000 1.000088
59.000000 1.000089
59.200000 1.000088
59.400000 1.000088
59.600000 1.000087
59.800000 1.000088
60.000000 1.000089
60.200000 1.000090
60.400000 1.000092
60.600000 1.000093
60.800000 1.000093
61.000000 1.000093
61.200000 1.000092
61.400000 1.000092
61.600000 1.000092
61.800000 1.000093
62.000000 1.000095
62.200000 1.000097
62.400000 1.000099
62.600000 1.000099
62.800000 1.000099
63.000000 1.000098
63.200000 1.000098
63.400000 1.000098
63.600000 1.000099
63.800000 1.000101
64.000000 1.000103
64.200000 1.000104
64.400000 1.000105
64.600000 1.000105
64.800000 1.000104
65.000000 1.000104
65.200000 1.000104
65.400000 1.000105
65.600000 1.000107
65.800000 1.000108
66.000000 1.000109
66.200000 1.000109
66.400000 1.000108
66.600000 1.000107
66.800000 1.000107
67.000000 1.000107
67.200000 1.000108
67.400000 1.000109
67.600000 1.000110
67.800000 1.000110
68.000000 1.000110
68.200000 1.000109
68.400000 1.000108
68.600000 1.000109
68.800000 1.000110
69.000000 1.000111
69.200000 1.000113
69.400000 1.000113
69.600000 1.000113
69.800000 1.000113
70.000000 1.000112
70.200000 1.000112
70.400000 1.000113
70.600000 1.000115
70.800000 1.000117
71.000000 1.000118
71.200000 1.000119
71.400000 1.000119
71.600000 1.000119
71.800000 1.000121
72.000000 1.000123
72.200000 1.000127
72.400000 1.000132
72.600000 1.000137
72.800000 1.000141
73.000000 1.000146
73.200000 1.000152
73.400000 1.000163
73.600000 1.000179
73.800000 1.000204
74.000000 1.000241
74.200000 1.000297
74.400000 1.000385
74.600000 1.000532
74.800000 1.000790
75.000000 1.001268
75.200000 1.002191
75.400000 1.004038
75.600000 1.007818
75.800000 1.015657
76.000000 1.031883
76.200000 1.064655
76.400000 1.126620
76.600000 1.228032
76.800000 1.351280
77.000000 1.423592
77.200000 1.368353
77.400000 1.217850
77.600000 1.078815
77.800000 1.000830
78.000000 0.969158
78.200000 0.959671
78.400000 0.959102
78.600000 0.962426
78.800000 0.968376
79.000000 0.977605
79.200000 0.991902
79.400000 1.014508
79.600000 1.049098
79.800000 1.097773
80.000000 1.154482
80.200000 1.200269
80.400000 1.209396
80.600000 1.173854
80.800000 1.114212
81.000000 1.060080
81.200000 1.025415
81.400000 1.009741
81.600000 1.006665
81.800000 1.011714
82.000000 1.021475
82.200000 1.034987
82.400000 1.050961
82.600000 1.068321
82.800000 1.084311
83.000000 1.094832
83.200000 1.096190
83.400000 1.086814
83.600000 1.069899
83.800000 1.050903
84.000000 1.035344
84.200000 1.026549
84.400000 1.024619
84.600000 1.028274
84.800000 1.034462
85.000000 1.039706
85.200000 1.042172
85.400000 1.040781
85.600000 1.037514
85.800000 1.034340
86.000000 1.032216
86.200000 1.031243
86.400000 1.029872
86.600000 1.026891
86.800000 1.022863
87.000000 1.018535
87.200000 1.015563
87.400000 1.014857
87.600000 1.015452
87.800000 1.016158
88.000000 1.015854
88.200000 1.013872
88.400000 1.011070
88.600000 1.008947
88.800000 1.007788
89.000000 1.007617
89.200000 1.007652
89.400000 1.006785
89.600000 1.004799
89.800000 1.003025
90.000000 1.001944
90.200000 1.001891
90.400000 1.002525
90.600000 1.002803
90.800000 1.001749
91.000000 1.000599
91.200000 1.000101
91.400000 1.000258
91.600000 1.000798
91.800000 1.001393
92.000000 1.000800
92.200000 0.999851
92.400000 0.999882
92.600000 1.000621
92.800000 1.000870
93.000000 1.001053
93.200000 1.000848
93.400000 1.000154
93.600000 1.000082
93.800000 1.001120
94.000000 1.001273
94.200000 1.000442
94.400000 1.000212
94.600000 1.000669
94.800000 1.000631
95.000000 1.000712
95.200000 1.000949
95.400000 1.000545
95.600000 1.000045
95.800000 1.000739
96.000000 1.001296
96.200000 1.000584
96.400000 0.999990
96.600000 1.000688
96.800000 1.001145
97.000000 1.000606
97.200000 1.000248
97.400000 1.000669
97.600000 1.000854
97.800000 1.000601
98.000000 1.000513
98.200000 1.000675
98.400000 1.000644
98.600000 1.000581
98.800000 1.000672
99.000000 1.000700
99.200000 1.000549
99.400000 1.000546
99.600000 1.000716
99.800000 1.000716
