0.000000 1.056941
0.200000 1.056941
0.400000 1.070787
0.600000 1.100340
0.800000 1.146654
1.000000 1.203711
1.200000 1.251624
1.400000 1.262083
1.600000 1.223252
1.800000 1.156223
2.000000 1.094504
2.200000 1.055903
2.400000 1.040461
2.600000 1.042170
2.800000 1.055965
3.000000 1.078277
3.200000 1.105063
3.400000 1.130047
3.600000 1.145286
3.800000 1.144993
4.000000 1.129906
4.200000 1.107237
4.400000 1.085734
4.600000 1.070945
4.800000 1.064203
5.000000 1.064111
5.200000 1.068140
5.400000 1.073548
5.600000 1.077883
5.800000 1.079443
6.000000 1.077640
6.200000 1.073036
6.400000 1.066933
6.600000 1.060751
6.800000 1.055505
7.000000 1.051616
7.200000 1.048983
7.400000 1.047196
7.600000 1.045748
7.800000 1.044210
8.000000 1.042321
8.200000 1.040014
8.400000 1.037376
8.600000 1.034575
8.800000 1.031789
9.000000 1.029148
9.200000 1.026716
9.400000 1.024494
9.600000 1.022446
9.800000 1.020516
10.000000 1.018659
10.200000 1.016846
10.400000 1.015070
10.600000 1.013344
10.800000 1.011688
11.000000 1.010128
11.200000 1.008683
11.400000 1.007364
11.600000 1.006176
11.800000 1.005114
12.000000 1.004172
12.200000 1.003344
12.400000 1.002622
12.600000 1.002004
12.800000 1.001487
13.000000 1.001068
13.200000 1.000741
13.400000 1.000496
13.600000 1.000323
13.800000 1.000207
14.000000 1.000135
14.200000 1.000095
14.400000 1.000076
14.600000 1.000071
14.800000 1.000072
15.000000 1.000076
15.200000 1.000079
15.400000 1.000080
15.600000 1.000079
15.800000 1.000076
16.000000 1.000073
16.200000 1.000070
16.400000 1.000069
16.600000 1.000069
16.800000 1.000071
17.000000 1.000073
17.200000 1.000075
17.400000 1.000075
17.600000 1.000074
17.800000 1.000072
18.000000 1.000071
18.200000 1.000071
18.400000 1.000071
18.600000 1.000071
18.800000 1.000072
19.000000 1.000071
19.200000 1.000070
19.400000 1.000068
19.600000 1.000066
19.800000 1.000065
20.000000 1.000065
20.200000 1.000066
20.400000 1.000066
20.600000 1.000067
20.800000 1.000066
21.000000 1.000064
21.200000 1.000062
21.400000 1.000061
21.600000 1.000060
21.800000 1.000059
22.000000 1.000060
22.200000 1.000060
22.400000 1.000061
22.600000 1.000060
22.800000 1.000059
23.000000 1.000057
23.200000 1.000055
23.400000 1.000054
23.600000 1.000054
23.800000 1.000054
24.000000 1.000055
24.200000 1.000055
24.400000 1.000055
24.600000 1.000054
24.800000 1.000053
25.000000 1.000051
25.200000 1.000050
25.400000 1.000049
25.600000 1.000049
25.800000 1.000049
26.000000 1.000050
26.200000 1.000050
26.400000 1.000050
26.600000 1.000049
26.800000 1.000048
27.000000 1.000046
27.200000 1.000045
27.400000 1.000044
27.600000 1.000044
27.800000 1.000044
28.000000 1.000045
28.200000 1.000045
28.400000 1.000045
28.600000 1.000044
28.800000 1.000043
29.000000 1.000042
29.200000 1.000041
29.400000 1.000040
29.600000 1.000040
29.800000 1.000040
30.000000 1.000040
30.200000 1.000040
30.400000 1.000041
30.600000 1.000040
30.800000 1.000040
31.000000 1.000039
31.200000 1.000038
31.400000 1.000037
31.600000 1.000036
31.800000 1.000036
32.000000 1.000036
32.200000 1.000036
32.400000 1.000036
32.600000 1.000036
32.800000 1.000036
33.000000 1.000036
33.200000 1.000035
33.400000 1.000035
33.600000 1.000034
33.800000 1.000033
34.000000 1.000033
34.200000 1.000033
34.400000 1.000033
34.600000 1.000033
34.800000 1.000033
35.000000 1.000033
35.200000 1.000033
35.400000 1.000033
35.600000 1.000032
35.800000 1.000032
36.000000 1.000031
36.200000 1.000031
36.400000 1.000030
36.600000 1.000030
36.800000 1.000030
37.000000 1.000030
37.200000 1.000030
37.400000 1.000030
37.600000 1.000030
37.800000 1.000030
38.000000 1.000030
38.200000 1.000029
38.400000 1.000029
38.600000 1.000029
38.800000 1.000028
39.000000 1.000028
39.200000 1.000027
39.400000 1.000027
39.600000 1.000027
39.800000 1.000027
40.000000 1.000027
40.200000 1.000027
40.400000 1.000027
40.600000 1.000027
40.800000 1.000027
41.000000 1.000027
41.200000 1.000027
41.400000 1.000026
41.600000 1.000026
41.800000 1.000026
42.000000 1.000025
42.200000 1.000025
42.400000 1.000025
42.600000 1.000025
42.800000 1.000025
43.000000 1.000025
43.200000 1.000025
43.400000 1.000025
43.600000 1.000025
43.800000 1.000025
44.000000 1.000025
44.200000 1.000025
44.400000 1.000025
44.600000 1.000024
44.800000 1.000024
45.000000 1.000024
45.200000 1.000024
45.400000 1.000024
45.600000 1.000024
45.800000 1.000024
46.000000 1.000024
46.200000 1.000023
46.400000 1.000023
46.600000 1.000023
46.800000 1.000023
47.000000 1.000023
47.200000 1.000023
47.400000 1.000023
47.600000 1.000023
47.800000 1.000023
48.000000 1.000023
48.200000 1.000023
48.400000 1.000023
48.600000 1.000023
48.800000 1.000023
49.000000 1.000023
49.200000 1.000023
49.400000 1.000023
49.600000 1.000023
49.800000 1.000023
50.000000 1.000023
50.200000 1.000023
50.400000 1.000023
50.600000 1.000023
50.800000 1.000023
51.000000 1.000023
51.200000 1.000023
51.400000 1.000023
51.600000 1.000023
51.800000 1.000023
52.000000 1.000023
52.200000 1.000023
52.400000 1.000023
52.600000 1.000023
52.800000 1.000023
53.000000 1.000023
53.200000 1.000023
53.400000 1.000023
53.600000 1.000023
53.800000 1.000023
54.000000 1.000024
54.200000 1.000024
54.400000 1.000024
54.600000 1.000024
54.800000 1.000024
55.000000 1.000024
55.200000 1.000024
55.400000 1.000024
55.600000 1.000025
55.800000 1.000025
56.000000 1.000025
56.200000 1.000025
56.400000 1.000025
56.600000 1.000025
56.800000 1.000025
57.000000 1.000025
57.200000 1.000025
57.400000 1.000025
57.600000 1.000025
57.800000 1.000025
58.000000 1.000025
58.200000 1.000026
58.400000 1.000026
58.600000 1.000026
58.800000 1.000027
59.000000 1.000027
59.200000 1.000027
59.400000 1.000027
59.600000 1.000027
59.800000 1.000027
60.000000 1.000027
60.200000 1.000027
60.400000 1.000027
60.600000 1.000027
60.800000 1.000027
61.000000 1.000028
61.200000 1.000028
61.400000 1.000029
61.600000 1.000029
61.800000 1.000029
62.000000 1.000030
62.200000 1.000030
62.400000 1.000030
62.600000 1.000030
62.800000 1.000030
63.000000 1.000030
63.200000 1.000030
63.400000 1.000030
63.600000 1.000030
63.800000 1.000031
64.000000 1.000031
64.200000 1.000032
64.400000 1.000032
64.600000 1.000033
64.800000 1.000033
65.000000 1.000033
65.200000 1.000033
65.400000 1.000033
65.600000 1.000033
65.800000 1.000033
66.000000 1.000033
66.200000 1.000033
66.400000 1.000034
66.600000 1.000035
66.800000 1.000035
67.000000 1.000036
67.200000 1.000036
67.400000 1.000036
67.600000 1.000036
67.800000 1.000036
68.000000 1.000036
68.200000 1.000036
68.400000 1.000036
68.600000 1.000037
68.800000 1.000038
69.000000 1.000039
69.200000 1.000040
69.400000 1.000040
69.600000 1.000041
69.800000 1.000040
70.000000 1.000040
70.200000 1.000040
70.400000 1.000040
70.600000 1.000040
70.800000 1.000041
71.000000 1.000042
71.200000 1.000043
71.400000 1.000044
71.600000 1.000045
71.800000 1.000045
72.000000 1.000045
72.200000 1.000044
72.400000 1.000044
72.600000 1.000044
72.800000 1.000045
73.000000 1.000046
73.200000 1.000048
73.400000 1.000049
73.600000 1.000050
73.800000 1.000050
74.000000 1.000050
74.200000 1.000049
74.400000 1.000049
74.600000 1.000049
74.800000 1.000050
75.000000 1.000051
75.200000 1.000053
75.400000 1.000054
75.600000 1.000055
75.800000 1.000055
76.000000 1.000055
76.200000 1.000054
76.400000 1.000054
76.600000 1.000054
76.800000 1.000055
77.000000 1.000057
77.200000 1.000059
77.400000 1.000060
77.600000 1.000061
77.800000 1.000060
78.000000 1.000060
78.200000 1.000059
78.400000 1.000060
78.600000 1.000061
78.800000 1.000062
79.000000 1.000064
79.200000 1.000066
79.400000 1.000067
79.600000 1.000066
79.800000 1.000066
80.000000 1.000065
80.200000 1.000065
80.400000 1.000066
80.600000 1.000068
80.800000 1.000070
81.000000 1.000071
81.200000 1.000072
81.400000 1.000071
81.600000 1.000071
81.800000 1.000071
82.000000 1.000071
82.200000 1.000072
82.400000 1.000074
82.600000 1.000075
82.800000 1.000075
83.000000 1.000073
83.200000 1.000071
83.400000 1.000069
83.600000 1.000069
83.800000 1.000070
84.000000 1.000073
84.200000 1.000076
84.400000 1.000079
84.600000 1.000080
84.800000 1.000079
85.000000 1.000076
85.200000 1.000072
85.400000 1.000071
85.600000 1.000076
85.800000 1.000095
86.000000 1.000135
86.200000 1.000207
86.400000 1.000323
86.600000 1.000496
86.800000 1.000741
87.000000 1.001068
87.200000 1.001487
87.400000 1.002004
87.600000 1.002622
87.800000 1.003344
88.000000 1.004172
88.200000 1.005114
88.400000 1.006176
88.600000 1.007364
88.800000 1.008683
89.000000 1.010128
89.200000 1.011688
89.400000 1.013344
89.600000 1.015070
89.800000 1.016846
90.000000 1.018659
90.200000 1.020516
90.400000 1.022446
90.600000 1.024494
90.800000 1.026716
91.000000 1.029148
91.200000 1.031789
91.400000 1.034575
91.600000 1.037376
91.800000 1.040014
92.000000 1.042321
92.200000 1.044210
92.400000 1.045748
92.600000 1.047196
92.800000 1.048983
93.000000 1.051616
93.200000 1.055505
93.400000 1.060751
93.600000 1.066934
93.800000 1.073036
94.000000 1.077641
94.200000 1.079444
94.400000 1.077885
94.600000 1.073551
94.800000 1.068144
95.000000 1.064116
95.200000 1.064211
95.400000 1.070957
95.600000 1.085750
95.800000 1.107259
96.000000 1.129937
96.200000 1.145037
96.400000 1.145344
96.600000 1.130124
96.800000 1.105164
97.000000 1.078411
97.200000 1.056143
97.400000 1.042411
97.600000 1.040793
97.800000 1.056374
98.000000 1.095198
98.200000 1.157265
98.400000 1.224801
98.600000 1.264329
98.800000 1.254885
99.000000 1.208621
99.200000 1.154406
99.400000 1.113011
99.600000 1.091858
99.800000 1.091858
