0.000000 1.000697
0.200000 1.000697
0.400000 1.000859
0.600000 1.000856
0.800000 1.000714
1.000000 1.000731
1.200000 1.000839
1.400000 1.000796
1.600000 1.000746
1.800000 1.000833
2.000000 1.000819
2.200000 1.000661
2.400000 1.000761
2.600000 1.001001
2.800000 1.000811
3.000000 1.000463
3.200000 1.000765
3.400000 1.001213
3.600000 1.000814
3.800000 1.000269
4.000000 1.000769
4.200000 1.001361
4.400000 1.000827
4.600000 1.000246
4.800000 1.000777
5.000000 1.001230
5.200000 1.000805
5.400000 1.000562
5.600000 1.000837
5.800000 1.000755
6.000000 1.000714
6.200000 1.001126
6.400000 1.000995
6.600000 1.000269
6.800000 1.000541
7.000000 1.001374
7.200000 1.001147
7.400000 1.000416
7.600000 1.000549
7.800000 1.000860
8.000000 1.000912
8.200000 1.001114
8.400000 1.001038
8.600000 1.000323
8.800000 1.000353
9.000000 1.001202
9.200000 1.001434
9.400000 1.000845
9.600000 1.000523
9.800000 1.000401
10.000000 1.000619
10.200000 1.001291
10.400000 1.001558
10.600000 1.000729
10.800000 1.000109
11.000000 1.000349
11.200000 1.001010
11.400000 1.001541
11.600000 1.001647
11.800000 1.000798
12.000000 0.999978
12.200000 1.000146
12.400000 1.001026
12.600000 1.001598
12.800000 1.001620
13.000000 1.000752
13.200000 0.999692
13.400000 0.999505
13.600000 1.000466
13.800000 1.001553
14.000000 1.002248
14.200000 1.001929
14.400000 1.000836
14.600000 1.000039
14.800000 1.000540
15.000000 1.001947
15.200000 1.003824
15.400000 1.005067
15.600000 1.004960
15.800000 1.004044
16.000000 1.003684
16.200000 1.004551
16.400000 1.007218
16.600000 1.010716
16.800000 1.013289
17.000000 1.014074
17.200000 1.013118
17.400000 1.011418
17.600000 1.011030
17.800000 1.012657
18.000000 1.015894
18.200000 1.019696
18.400000 1.022060
18.600000 1.022632
18.800000 1.022296
19.000000 1.022638
19.200000 1.025635
19.400000 1.031613
19.600000 1.038864
19.800000 1.044950
20.000000 1.046473
20.200000 1.042869
20.400000 1.035200
20.600000 1.026437
20.800000 1.019750
21.000000 1.017158
21.200000 1.019956
21.400000 1.028449
21.600000 1.042041
21.800000 1.059454
22.000000 1.077586
22.200000 1.092517
22.400000 1.099929
22.600000 1.097326
22.800000 1.085387
23.000000 1.066880
23.200000 1.046023
23.400000 1.025612
23.600000 1.008214
23.800000 0.994537
24.000000 0.986267
24.200000 0.985186
24.400000 0.996451
24.600000 1.027630
24.800000 1.086167
25.000000 1.164181
25.200000 1.227361
25.400000 1.236085
25.600000 1.188635
25.800000 1.118510
26.000000 1.056784
26.200000 1.013733
26.400000 0.986974
26.600000 0.970814
26.800000 0.960842
27.000000 0.954168
27.200000 0.949311
27.400000 0.945454
27.600000 0.942476
27.800000 0.941109
28.000000 0.944409
28.200000 0.962165
28.400000 1.019594
28.600000 1.155389
28.800000 1.361737
29.000000 1.508067
29.200000 1.472459
29.400000 1.318853
29.600000 1.174084
29.800000 1.084547
30.000000 1.038978
30.200000 1.017732
30.400000 1.008151
30.600000 1.003857
30.800000 1.001917
31.000000 1.001024
31.200000 1.000600
31.400000 1.000391
31.600000 1.000283
31.800000 1.000225
32.000000 1.000192
32.200000 1.000174
32.400000 1.000162
32.600000 1.000155
32.800000 1.000148
33.000000 1.000142
33.200000 1.000138
33.400000 1.000134
33.600000 1.000132
33.800000 1.000131
34.000000 1.000131
34.200000 1.000131
34.400000 1.000129
34.600000 1.000128
34.800000 1.000126
35.000000 1.000124
35.200000 1.000124
35.400000 1.000124
35.600000 1.000124
35.800000 1.000125
36.000000 1.000124
36.200000 1.000123
36.400000 1.000122
36.600000 1.000121
36.800000 1.000120
37.000000 1.000121
37.200000 1.000122
37.400000 1.000123
37.600000 1.000124
37.800000 1.000123
38.000000 1.000122
38.200000 1.000121
38.400000 1.000120
38.600000 1.000120
38.800000 1.000121
39.000000 1.000122
39.200000 1.000122
39.400000 1.000123
39.600000 1.000122
39.800000 1.000121
40.000000 1.000121
40.200000 1.000120
40.400000 1.000121
40.600000 1.000121
40.800000 1.000122
41.000000 1.000122
41.200000 1.000121
41.400000 1.000119
41.600000 1.000117
41.800000 1.000116
42.000000 1.000116
42.200000 1.000116
42.400000 1.000117
42.600000 1.000118
42.800000 1.000119
43.000000 1.000118
43.200000 1.000116
43.400000 1.000114
43.600000 1.000112
43.800000 1.000111
44.000000 1.000111
44.200000 1.000112
44.400000 1.000114
44.600000 1.000115
44.800000 1.000115
45.000000 1.000114
45.200000 1.000113
45.400000 1.000111
45.600000 1.000110
45.800000 1.000109
46.000000 1.000109
46.200000 1.000110
46.400000 1.000110
46.600000 1.000111
46.800000 1.000111
47.000000 1.000111
47.200000 1.000110
47.400000 1.000109
47.600000 1.000109
47.800000 1.000108
48.000000 1.000108
48.200000 1.000108
48.400000 1.000109
48.600000 1.000109
48.800000 1.000110
49.000000 1.000110
49.200000 1.000109
49.400000 1.000109
49.600000 1.000108
49.800000 1.000108
50.000000 1.000108
50.200000 1.000108
50.400000 1.000108
50.600000 1.000109
50.800000 1.000109
51.000000 1.000110
51.200000 1.000110
51.400000 1.000109
51.600000 1.000109
51.800000 1.000108
52.000000 1.000108
52.200000 1.000108
52.400000 1.000109
52.600000 1.000109
52.800000 1.000110
53.000000 1.000111
53.200000 1.000111
53.400000 1.000111
53.600000 1.000110
53.800000 1.000110
54.000000 1.000109
54.200000 1.000109
54.400000 1.000110
54.600000 1.000111
54.800000 1.000113
55.000000 1.000114
55.200000 1.000115
55.400000 1.000115
55.600000 1.000114
55.800000 1.000112
56.000000 1.000111
56.200000 1.000111
56.400000 1.000112
56.600000 1.000114
56.800000 1.000116
57.000000 1.000118
57.200000 1.000119
57.400000 1.000118
57.600000 1.000117
57.800000 1.000116
58.000000 1.000116
58.200000 1.000116
58.400000 1.000117
58.600000 1.000119
58.800000 1.000121
59.000000 1.000122
59.200000 1.000122
59.400000 1.000121
59.600000 1.000121
59.800000 1.000120
60.000000 1.000121
60.200000 1.000121
60.400000 1.000122
60.600000 1.000123
60.800000 1.000122
61.000000 1.000122
61.200000 1.000121
61.400000 1.000120
61.600000 1.000120
61.800000 1.000121
62.000000 1.000122
62.200000 1.000123
62.400000 1.000124
62.600000 1.000123
62.800000 1.000122
63.000000 1.000121
63.200000 1.000120
63.400000 1.000121
63.600000 1.000122
63.800000 1.000123
64.000000 1.000124
64.200000 1.000125
64.400000 1.000125
64.600000 1.000124
64.800000 1.000124
65.000000 1.000124
65.200000 1.000126
65.400000 1.000128
65.600000 1.000130
65.800000 1.000132
66.000000 1.000133
66.200000 1.000134
66.400000 1.000135
66.600000 1.000139
66.800000 1.000144
67.000000 1.000151
67.200000 1.000161
67.400000 1.000174
67.600000 1.000193
67.800000 1.000223
68.000000 1.000278
68.200000 1.000382
68.400000 1.000587
68.600000 1.001006
68.800000 1.001890
69.000000 1.003807
69.200000 1.008041
69.400000 1.017476
69.600000 1.038384
69.800000 1.083237
70.000000 1.171522
70.200000 1.314966
70.400000 1.469050
70.600000 1.508291
70.800000 1.365552
71.000000 1.159298
71.200000 1.021788
71.400000 0.963085
71.600000 0.944756
71.800000 0.941236
72.000000 0.942506
72.200000 0.945453
72.400000 0.949290
72.600000 0.954192
72.800000 0.960887
73.000000 0.970958
73.200000 0.987101
73.400000 1.013848
73.600000 1.056551
73.800000 1.117809
74.000000 1.187271
74.200000 1.234796
74.400000 1.226940
74.600000 1.165179
74.800000 1.087795
75.000000 1.029371
75.200000 0.997647
75.400000 0.986066
75.600000 0.986431
75.800000 0.994458
76.000000 1.007496
76.200000 1.024953
76.400000 1.045188
76.600000 1.066566
76.800000 1.085244
77.000000 1.097477
77.200000 1.099855
77.400000 1.092182
77.600000 1.077200
77.800000 1.059251
78.000000 1.042497
78.200000 1.029294
78.400000 1.021081
78.600000 1.018056
78.800000 1.019975
79.000000 1.026002
79.200000 1.034089
79.400000 1.041646
79.600000 1.045864
79.800000 1.044920
80.000000 1.039825
80.200000 1.032485
80.400000 1.026249
80.600000 1.022616
80.800000 1.021570
81.000000 1.021955
81.200000 1.021691
81.400000 1.019777
81.600000 1.016631
81.800000 1.013166
82.000000 1.011212
82.200000 1.011229
82.400000 1.012389
82.600000 1.013623
82.800000 1.013253
83.000000 1.010952
83.200000 1.007785
83.400000 1.004940
83.600000 1.003496
83.800000 1.003801
84.000000 1.004542
84.200000 1.004810
84.400000 1.004032
84.600000 1.002326
84.800000 1.000659
85.000000 1.000161
85.200000 1.000573
85.400000 1.001533
85.600000 1.002166
85.800000 1.001773
86.000000 1.000580
86.200000 0.999779
86.400000 0.999657
86.600000 1.000371
86.800000 1.001398
87.000000 1.001781
87.200000 1.001083
87.400000 1.000358
87.600000 1.000093
87.800000 1.000480
88.000000 1.001304
88.200000 1.001800
88.400000 1.001143
88.600000 1.000345
88.800000 1.000221
89.000000 1.000605
89.200000 1.001114
89.400000 1.001520
89.600000 1.001002
89.800000 1.000208
90.000000 1.000333
90.200000 1.001033
90.400000 1.001180
90.600000 1.001104
90.800000 1.000846
91.000000 1.000336
91.200000 1.000409
91.400000 1.001269
91.600000 1.001321
91.800000 1.000569
92.000000 1.000428
92.200000 1.000821
92.400000 1.000842
92.600000 1.000974
92.800000 1.001100
93.000000 1.000569
93.200000 1.000256
93.400000 1.001026
93.600000 1.001379
93.800000 1.000617
94.000000 1.000309
94.200000 1.000922
94.400000 1.001053
94.600000 1.000699
94.800000 1.000756
95.000000 1.000856
95.200000 1.000593
95.400000 1.000735
95.600000 1.001140
95.800000 1.000833
96.000000 1.000315
96.200000 1.000721
96.400000 1.001280
96.600000 1.000847
96.800000 1.000274
97.000000 1.000692
97.200000 1.001242
97.400000 1.000877
97.600000 1.000360
97.800000 1.000662
98.000000 1.001135
98.200000 1.000904
98.400000 1.000469
98.600000 1.000633
98.800000 1.001031
99.000000 1.000926
99.200000 1.000552
99.400000 1.000601
99.600000 1.000960
99.800000 1.000960
