0.000000 1.001137
0.200000 1.001137
0.400000 1.001467
0.600000 1.001479
0.800000 1.001151
1.000000 1.001131
1.200000 1.001439
1.400000 1.001469
1.600000 1.001182
1.800000 1.001165
2.000000 1.001419
2.200000 1.001440
2.400000 1.001215
2.600000 1.001215
2.800000 1.001370
3.000000 1.001354
3.200000 1.001256
3.400000 1.001344
3.600000 1.001363
3.800000 1.001245
4.000000 1.001295
4.200000 1.001501
4.400000 1.001339
4.600000 1.001078
4.800000 1.001307
5.000000 1.001667
5.200000 1.001336
5.400000 1.000944
5.600000 1.001321
5.800000 1.001779
6.000000 1.001342
6.200000 1.000925
6.400000 1.001352
6.600000 1.001749
6.800000 1.001335
7.000000 1.001090
7.200000 1.001401
7.400000 1.001512
7.600000 1.001295
7.800000 1.001431
8.000000 1.001471
8.200000 1.001160
8.400000 1.001252
8.600000 1.001787
8.800000 1.001536
9.000000 1.000945
9.200000 1.001244
9.400000 1.001859
9.600000 1.001536
9.800000 1.001132
10.000000 1.001345
10.200000 1.001512
10.400000 1.001403
10.600000 1.001630
10.800000 1.001569
11.000000 1.001089
11.200000 1.001215
11.400000 1.001909
11.600000 1.001742
11.800000 1.001165
12.000000 1.001242
12.200000 1.001585
12.400000 1.001575
12.600000 1.001706
12.800000 1.001630
13.000000 1.001163
13.200000 1.001190
13.400000 1.001885
13.600000 1.001934
13.800000 1.001437
14.000000 1.001267
14.200000 1.001395
14.400000 1.001541
14.600000 1.001949
14.800000 1.001941
15.000000 1.001314
15.200000 1.001072
15.400000 1.001613
15.600000 1.001985
15.800000 1.001972
16.000000 1.001707
16.200000 1.001254
16.400000 1.001145
16.600000 1.001804
16.800000 1.002280
17.000000 1.002005
17.200000 1.001486
17.400000 1.001211
17.600000 1.001321
17.800000 1.001971
18.000000 1.002451
18.200000 1.002092
18.400000 1.001399
18.600000 1.001164
18.800000 1.001435
19.000000 1.002085
19.200000 1.002582
19.400000 1.002272
19.600000 1.001484
19.800000 1.001120
20.000000 1.001377
20.200000 1.002054
20.400000 1.002704
20.600000 1.002601
20.800000 1.001796
21.000000 1.001162
21.200000 1.001161
21.400000 1.001766
21.600000 1.002681
21.800000 1.003035
22.000000 1.002460
22.200000 1.001567
22.400000 1.001017
22.600000 1.001194
22.800000 1.002214
23.000000 1.003182
23.200000 1.003280
23.400000 1.002529
23.600000 1.001380
23.800000 1.000611
24.000000 1.001084
24.200000 1.002359
24.400000 1.003580
24.600000 1.003998
24.800000 1.003158
25.000000 1.001568
25.200000 1.000566
25.400000 1.000638
25.600000 1.001948
25.800000 1.003694
26.000000 1.004550
26.200000 1.003920
26.400000 1.002245
26.600000 1.000255
26.800000 0.999535
27.000000 1.000442
27.200000 1.002530
27.400000 1.004750
27.600000 1.005744
27.800000 1.004798
28.000000 1.002758
28.200000 1.000491
28.400000 0.999630
28.600000 1.000765
28.800000 1.003509
29.000000 1.006835
29.200000 1.009294
29.400000 1.009769
29.600000 1.008700
29.800000 1.006764
30.000000 1.005705
30.200000 1.006568
30.400000 1.009500
30.600000 1.013851
30.800000 1.017935
31.000000 1.020092
31.200000 1.019592
31.400000 1.016594
31.600000 1.012715
31.800000 1.009743
32.000000 1.009221
32.200000 1.012191
32.400000 1.018283
32.600000 1.026730
32.800000 1.035486
33.000000 1.042576
33.200000 1.046503
33.400000 1.046753
33.600000 1.044073
33.800000 1.039597
34.000000 1.034333
34.200000 1.028968
34.400000 1.023456
34.600000 1.018132
34.800000 1.013210
35.000000 1.009956
35.200000 1.010185
35.400000 1.016512
35.600000 1.032039
35.800000 1.057940
36.000000 1.091353
36.200000 1.121239
36.400000 1.133778
36.600000 1.121151
36.800000 1.089579
37.000000 1.051301
37.200000 1.016994
37.400000 0.990260
37.600000 0.971503
37.800000 0.958411
38.000000 0.949846
38.200000 0.944429
38.400000 0.943077
38.600000 0.948734
38.800000 0.970181
39.000000 1.023499
39.200000 1.123903
39.400000 1.249761
39.600000 1.323168
39.800000 1.287358
40.000000 1.182224
40.200000 1.079832
40.400000 1.011142
40.600000 0.972183
40.800000 0.951092
41.000000 0.939062
41.200000 0.931393
41.400000 0.925554
41.600000 0.920481
41.800000 0.915618
42.000000 0.910746
42.200000 0.905847
42.400000 0.900895
42.600000 0.895827
42.800000 0.890723
43.000000 0.885477
43.200000 0.880031
43.400000 0.874506
43.600000 0.868902
43.800000 0.863448
44.000000 0.859679
44.200000 0.866285
44.400000 0.929527
44.600000 1.189682
44.800000 1.727253
45.000000 2.083703
45.200000 1.855542
45.400000 1.431454
45.600000 1.168731
45.800000 1.059059
46.000000 1.020059
46.200000 1.006898
46.400000 1.002493
46.600000 1.001004
46.800000 1.000491
47.000000 1.000310
47.200000 1.000243
47.400000 1.000218
47.600000 1.000208
47.800000 1.000205
48.000000 1.000205
48.200000 1.000204
48.400000 1.000203
48.600000 1.000201
48.800000 1.000199
49.000000 1.000197
49.200000 1.000196
49.400000 1.000197
49.600000 1.000199
49.800000 1.000200
50.000000 1.000201
50.200000 1.000200
50.400000 1.000199
50.600000 1.000197
50.800000 1.000196
51.000000 1.000197
51.200000 1.000199
51.400000 1.000202
51.600000 1.000205
51.800000 1.000207
52.000000 1.000210
52.200000 1.000218
52.400000 1.000240
52.600000 1.000302
52.800000 1.000475
53.000000 1.000966
53.200000 1.002388
53.400000 1.006582
53.600000 1.019078
53.800000 1.056064
54.000000 1.160293
54.200000 1.412409
54.400000 1.830401
54.600000 2.079947
54.800000 1.752532
55.000000 1.211643
55.200000 0.937618
55.400000 0.868476
55.600000 0.860514
55.800000 0.864009
56.000000 0.869380
56.200000 0.874942
56.400000 0.880428
56.600000 0.885839
56.800000 0.891053
57.000000 0.896130
57.200000 0.901162
57.400000 0.906099
57.600000 0.910963
57.800000 0.915831
58.000000 0.920657
58.200000 0.925729
58.400000 0.931507
58.600000 0.939151
58.800000 0.951035
59.000000 0.971960
59.200000 1.010469
59.400000 1.078527
59.600000 1.180134
59.800000 1.285299
60.000000 1.322451
60.200000 1.250891
60.400000 1.125625
60.600000 1.024878
60.800000 0.970932
61.000000 0.949264
61.200000 0.943377
61.400000 0.944912
61.600000 0.950226
61.800000 0.959114
62.000000 0.972014
62.200000 0.990953
62.400000 1.017122
62.600000 1.051131
62.800000 1.088459
63.000000 1.119872
63.200000 1.132534
63.400000 1.121157
63.600000 1.092022
63.800000 1.059296
64.000000 1.033102
64.200000 1.017247
64.400000 1.010274
64.600000 1.009633
64.800000 1.012718
65.000000 1.017647
65.200000 1.023367
65.400000 1.029106
65.600000 1.034734
65.800000 1.039806
66.000000 1.043898
66.200000 1.046114
66.400000 1.045591
66.600000 1.041872
66.800000 1.035344
67.000000 1.027228
67.200000 1.019355
67.400000 1.013195
67.600000 1.009987
67.800000 1.009754
68.000000 1.012068
68.200000 1.015586
68.400000 1.018504
68.600000 1.019623
68.800000 1.018069
69.000000 1.014558
69.200000 1.010427
69.400000 1.007121
69.600000 1.005759
69.800000 1.006293
70.000000 1.007806
70.200000 1.009204
70.400000 1.008988
70.600000 1.007181
70.800000 1.004189
71.000000 1.001326
71.200000 0.999887
71.400000 1.000284
71.600000 1.002041
71.800000 1.004292
72.000000 1.005362
72.200000 1.004915
72.400000 1.003081
72.600000 1.000899
72.800000 0.999732
73.000000 1.000126
73.200000 1.001631
73.400000 1.003540
73.600000 1.004381
73.800000 1.003851
74.000000 1.002418
74.200000 1.000953
74.400000 1.000486
74.600000 1.001376
74.800000 1.002697
75.000000 1.003749
75.200000 1.003723
75.400000 1.002598
75.600000 1.001321
75.800000 1.000761
76.000000 1.001093
76.200000 1.002229
76.400000 1.003151
76.600000 1.003152
76.800000 1.002424
77.000000 1.001481
77.200000 1.000953
77.400000 1.001399
77.600000 1.002279
77.800000 1.002825
78.000000 1.002753
78.200000 1.002046
78.400000 1.001218
78.600000 1.001110
78.800000 1.001675
79.000000 1.002325
79.200000 1.002654
79.400000 1.002298
79.600000 1.001483
79.800000 1.001098
80.000000 1.001430
80.200000 1.002005
80.400000 1.002448
80.600000 1.002315
80.800000 1.001589
81.000000 1.001093
81.200000 1.001364
81.400000 1.001895
81.600000 1.002268
81.800000 1.002183
82.000000 1.001554
82.200000 1.001050
82.400000 1.001382
82.600000 1.001945
82.800000 1.002126
83.000000 1.001925
83.200000 1.001453
83.400000 1.001052
83.600000 1.001441
83.800000 1.002062
84.000000 1.002012
84.200000 1.001547
84.400000 1.001319
84.600000 1.001231
84.800000 1.001543
85.000000 1.002040
85.200000 1.001875
85.400000 1.001196
85.600000 1.001187
85.800000 1.001573
86.000000 1.001711
86.200000 1.001738
86.400000 1.001638
86.600000 1.001136
86.800000 1.001156
87.000000 1.001801
87.200000 1.001888
87.400000 1.001300
87.600000 1.001228
87.800000 1.001437
88.000000 1.001456
88.200000 1.001606
88.400000 1.001724
88.600000 1.001199
88.800000 1.001016
89.000000 1.001643
89.200000 1.001860
89.400000 1.001241
89.600000 1.001122
89.800000 1.001482
90.000000 1.001489
90.200000 1.001381
90.400000 1.001551
90.600000 1.001319
90.800000 1.001050
91.000000 1.001466
91.200000 1.001828
91.400000 1.001250
91.600000 1.000921
91.800000 1.001467
92.000000 1.001749
92.200000 1.001247
92.400000 1.001106
92.600000 1.001426
92.800000 1.001451
93.000000 1.001267
93.200000 1.001407
93.400000 1.001387
93.600000 1.001140
93.800000 1.001267
94.000000 1.001630
94.200000 1.001367
94.400000 1.000956
94.600000 1.001251
94.800000 1.001713
95.000000 1.001367
95.200000 1.000922
95.400000 1.001244
95.600000 1.001689
95.800000 1.001372
96.000000 1.000977
96.200000 1.001240
96.400000 1.001603
96.600000 1.001358
96.800000 1.001045
97.000000 1.001223
97.200000 1.001494
97.400000 1.001344
97.600000 1.001133
97.800000 1.001241
98.000000 1.001428
98.200000 1.001345
98.400000 1.001195
98.600000 1.001237
98.800000 1.001357
99.000000 1.001327
99.200000 1.001233
99.400000 1.001247
99.600000 1.001337
99.800000 1.001337
