0.000000 1.001164
0.200000 1.001164
0.400000 1.001138
0.600000 1.001162
0.800000 1.001189
1.000000 1.001162
1.200000 1.001148
1.400000 1.001193
1.600000 1.001164
1.800000 1.001101
2.000000 1.001160
2.200000 1.001268
2.400000 1.001152
2.600000 1.001023
2.800000 1.001189
3.000000 1.001382
3.200000 1.001134
3.400000 1.000903
3.600000 1.001206
3.800000 1.001519
4.000000 1.001134
4.200000 1.000789
4.400000 1.001210
4.600000 1.001623
4.800000 1.001144
5.000000 1.000745
5.200000 1.001208
5.400000 1.001608
5.600000 1.001142
5.800000 1.000854
6.000000 1.001237
6.200000 1.001437
6.400000 1.001138
6.600000 1.001155
6.800000 1.001287
7.000000 1.001099
7.200000 1.001095
7.400000 1.001524
7.600000 1.001338
7.800000 1.000788
8.000000 1.001064
8.200000 1.001726
8.400000 1.001365
8.600000 1.000805
8.800000 1.001111
9.000000 1.001519
9.200000 1.001293
9.400000 1.001246
9.600000 1.001295
9.800000 1.001029
10.000000 1.001094
10.200000 1.001696
10.400000 1.001523
10.600000 1.000843
10.800000 1.000980
11.000000 1.001586
11.200000 1.001505
11.400000 1.001285
11.600000 1.001242
11.800000 1.001051
12.000000 1.001109
12.200000 1.001719
12.400000 1.001705
12.600000 1.001033
12.800000 1.000900
13.000000 1.001369
13.200000 1.001569
13.400000 1.001637
13.600000 1.001487
13.800000 1.000980
14.000000 1.000881
14.200000 1.001585
14.400000 1.001939
14.600000 1.001569
14.800000 1.001139
15.000000 1.000965
15.200000 1.001120
15.400000 1.001765
15.600000 1.002087
15.800000 1.001542
16.000000 1.000914
16.200000 1.000935
16.400000 1.001366
16.600000 1.001937
16.800000 1.002157
17.000000 1.001576
17.200000 1.000836
17.400000 1.000858
17.600000 1.001459
17.800000 1.002064
18.000000 1.002277
18.200000 1.001741
18.400000 1.000900
18.600000 1.000716
18.800000 1.001306
19.000000 1.002057
19.200000 1.002512
19.400000 1.002177
19.600000 1.001230
19.800000 1.000626
20.000000 1.000892
20.200000 1.001672
20.400000 1.002553
20.600000 1.002744
20.800000 1.001941
21.000000 1.000872
21.200000 1.000428
21.400000 1.000816
21.600000 1.002055
21.800000 1.003175
22.000000 1.003237
22.200000 1.002261
22.400000 1.000923
22.600000 0.999981
22.800000 1.000426
23.000000 1.001832
23.200000 1.003207
23.400000 1.003674
23.600000 1.002756
23.800000 1.000852
24.000000 0.999509
24.200000 0.999384
24.400000 1.000832
24.600000 1.003122
24.800000 1.004770
25.000000 1.004806
25.200000 1.003378
25.400000 1.001074
25.600000 0.999739
25.800000 1.000197
26.000000 1.002541
26.200000 1.006003
26.400000 1.008982
26.600000 1.010179
26.800000 1.009632
27.000000 1.007828
27.200000 1.006582
27.400000 1.007035
27.600000 1.009539
27.800000 1.013596
28.000000 1.017440
28.200000 1.019488
28.400000 1.018970
28.600000 1.016093
28.800000 1.012638
29.000000 1.010446
29.200000 1.011113
29.400000 1.015581
29.600000 1.023148
29.800000 1.032501
30.000000 1.040975
30.200000 1.046366
30.400000 1.047405
30.600000 1.044362
30.800000 1.038797
31.000000 1.032403
31.200000 1.026392
31.400000 1.021433
31.600000 1.017451
31.800000 1.014807
32.000000 1.013971
32.200000 1.016518
32.400000 1.024640
32.600000 1.040544
32.800000 1.064984
33.000000 1.093668
33.200000 1.117257
33.400000 1.124126
33.600000 1.110306
33.800000 1.080915
34.000000 1.046852
34.200000 1.015782
34.400000 0.991597
34.600000 0.973804
34.800000 0.961684
35.000000 0.953723
35.200000 0.950268
35.400000 0.953141
35.600000 0.968992
35.800000 1.010432
36.000000 1.092291
36.200000 1.205623
36.400000 1.292039
36.600000 1.287745
36.800000 1.204643
37.000000 1.105904
37.200000 1.032067
37.400000 0.987333
37.600000 0.962407
37.800000 0.948331
38.000000 0.939720
38.200000 0.933645
38.400000 0.928735
38.600000 0.924246
38.800000 0.919941
39.000000 0.915651
39.200000 0.911343
39.400000 0.906960
39.600000 0.902449
39.800000 0.897859
40.000000 0.893318
40.200000 0.889432
40.400000 0.889127
40.600000 0.906273
40.800000 0.994585
41.000000 1.263380
41.200000 1.685968
41.400000 1.874818
41.600000 1.653693
41.800000 1.336607
42.000000 1.140612
42.200000 1.053570
42.400000 1.019886
42.600000 1.007451
42.800000 1.002898
43.000000 1.001218
43.200000 1.000589
43.400000 1.000350
43.600000 1.000256
43.800000 1.000217
44.000000 1.000200
44.200000 1.000190
44.400000 1.000185
44.600000 1.000182
44.800000 1.000181
45.000000 1.000182
45.200000 1.000183
45.400000 1.000184
45.600000 1.000184
45.800000 1.000182
46.000000 1.000180
46.200000 1.000179
46.400000 1.000178
46.600000 1.000179
46.800000 1.000181
47.000000 1.000184
47.200000 1.000185
47.400000 1.000186
47.600000 1.000185
47.800000 1.000183
48.000000 1.000181
48.200000 1.000181
48.400000 1.000182
48.600000 1.000185
48.800000 1.000187
49.000000 1.000189
49.200000 1.000189
49.400000 1.000188
49.600000 1.000186
49.800000 1.000184
50.000000 1.000183
50.200000 1.000184
50.400000 1.000186
50.600000 1.000188
50.800000 1.000189
51.000000 1.000189
51.200000 1.000187
51.400000 1.000185
51.600000 1.000182
51.800000 1.000181
52.000000 1.000181
52.200000 1.000183
52.400000 1.000185
52.600000 1.000186
52.800000 1.000185
53.000000 1.000184
53.200000 1.000181
53.400000 1.000179
53.600000 1.000178
53.800000 1.000179
54.000000 1.000181
54.200000 1.000183
54.400000 1.000184
54.600000 1.000185
54.800000 1.000184
55.000000 1.000184
55.200000 1.000184
55.400000 1.000188
55.600000 1.000196
55.800000 1.000214
56.000000 1.000253
56.200000 1.000346
56.400000 1.000579
56.600000 1.001188
56.800000 1.002810
57.000000 1.007202
57.200000 1.019180
57.400000 1.051601
57.600000 1.135497
57.800000 1.325600
58.000000 1.638470
58.200000 1.869242
58.400000 1.698487
58.600000 1.278558
58.800000 1.001845
59.000000 0.908596
59.200000 0.889916
59.400000 0.889849
59.600000 0.893633
59.800000 0.898138
60.000000 0.902703
60.200000 0.907200
60.400000 0.911565
60.600000 0.915864
60.800000 0.920127
61.000000 0.924426
61.200000 0.928873
61.400000 0.933777
61.600000 0.939781
61.800000 0.948359
62.000000 0.962281
62.200000 0.987034
62.400000 1.031331
62.600000 1.104639
62.800000 1.202847
63.000000 1.286287
63.200000 1.291822
63.400000 1.206729
63.600000 1.093652
63.800000 1.011550
64.000000 0.969689
64.200000 0.953804
64.400000 0.950788
64.600000 0.954484
64.800000 0.962294
65.000000 0.974615
65.200000 0.991963
65.400000 1.015993
65.600000 1.046188
65.800000 1.079901
66.000000 1.108810
66.200000 1.123316
66.400000 1.117154
66.600000 1.094621
66.800000 1.066026
67.000000 1.041467
67.200000 1.024922
67.400000 1.016380
67.600000 1.013605
67.800000 1.014450
68.000000 1.017477
68.200000 1.021694
68.400000 1.026917
68.600000 1.032728
68.800000 1.038684
69.000000 1.043710
69.200000 1.046368
69.400000 1.045486
69.600000 1.040685
69.800000 1.032921
70.000000 1.024255
70.200000 1.016638
70.400000 1.011955
70.600000 1.010500
70.800000 1.012020
71.000000 1.015132
71.200000 1.017938
71.400000 1.019081
71.600000 1.017646
71.800000 1.014283
72.000000 1.010428
72.200000 1.007471
72.400000 1.006504
72.600000 1.007312
72.800000 1.008755
73.000000 1.009752
73.200000 1.008895
73.400000 1.006452
73.600000 1.003264
73.800000 1.000633
74.000000 0.999754
74.200000 1.000742
74.400000 1.002618
74.600000 1.004432
74.800000 1.004697
75.000000 1.003433
75.200000 1.001411
75.400000 0.999712
75.600000 0.999379
75.800000 1.000586
76.000000 1.002197
76.200000 1.003436
76.400000 1.003376
76.600000 1.002123
76.800000 1.000745
77.000000 1.000147
77.200000 1.000589
77.400000 1.001956
77.600000 1.003033
77.800000 1.003122
78.000000 1.002323
78.200000 1.001137
78.400000 1.000393
78.600000 1.000771
78.800000 1.001695
79.000000 1.002476
79.200000 1.002625
79.400000 1.001933
79.600000 1.000978
79.800000 1.000695
80.000000 1.001093
80.200000 1.001848
80.400000 1.002441
80.600000 1.002240
80.800000 1.001403
81.000000 1.000841
81.200000 1.000882
81.400000 1.001418
81.600000 1.002119
81.800000 1.002232
82.000000 1.001560
82.200000 1.000937
82.400000 1.000889
82.600000 1.001295
82.800000 1.001925
83.000000 1.002134
83.200000 1.001531
83.400000 1.000890
83.600000 1.000950
83.800000 1.001375
84.000000 1.001814
84.200000 1.001948
84.400000 1.001416
84.600000 1.000791
84.800000 1.001016
85.000000 1.001593
85.200000 1.001763
85.400000 1.001612
85.600000 1.001258
85.800000 1.000828
86.000000 1.001109
86.200000 1.001777
86.400000 1.001728
86.600000 1.001172
86.800000 1.001060
87.000000 1.001127
87.200000 1.001286
87.400000 1.001666
87.600000 1.001614
87.800000 1.000912
88.000000 1.000872
88.200000 1.001490
88.400000 1.001596
88.600000 1.001246
88.800000 1.001224
89.000000 1.001107
89.200000 1.001038
89.400000 1.001482
89.600000 1.001685
89.800000 1.000998
90.000000 1.000787
90.200000 1.001417
90.400000 1.001600
90.600000 1.001116
90.800000 1.001092
91.000000 1.001236
91.200000 1.001123
91.400000 1.001243
91.600000 1.001528
91.800000 1.001116
92.000000 1.000768
92.200000 1.001295
92.400000 1.001690
92.600000 1.001086
92.800000 1.000769
93.000000 1.001285
93.200000 1.001527
93.400000 1.001098
93.600000 1.001012
93.800000 1.001245
94.000000 1.001208
94.200000 1.001099
94.400000 1.001293
94.600000 1.001231
94.800000 1.000946
95.000000 1.001091
95.200000 1.001488
95.400000 1.001244
95.600000 1.000805
95.800000 1.001059
96.000000 1.001551
96.200000 1.001264
96.400000 1.000779
96.600000 1.001034
96.800000 1.001530
97.000000 1.001279
97.200000 1.000812
97.400000 1.001014
97.600000 1.001472
97.800000 1.001289
98.000000 1.000859
98.200000 1.000994
98.400000 1.001412
98.600000 1.001309
98.800000 1.000919
99.000000 1.000986
99.200000 1.001368
99.400000 1.001326
99.600000 1.000940
99.800000 1.000940
