0.000000 1.029293
0.200000 1.029293
0.400000 1.028386
0.600000 1.028032
0.800000 1.029089
1.000000 1.030002
1.200000 1.029351
1.400000 1.029723
1.600000 1.032672
1.800000 1.035663
2.000000 1.036820
2.200000 1.038349
2.400000 1.040156
2.600000 1.041126
2.800000 1.041884
3.000000 1.042577
3.200000 1.040880
3.400000 1.038974
3.600000 1.040479
3.800000 1.045759
4.000000 1.053175
4.200000 1.062435
4.400000 1.071196
4.600000 1.077625
4.800000 1.081635
5.000000 1.082360
5.200000 1.077024
5.400000 1.066565
5.600000 1.053292
5.800000 1.040128
6.000000 1.032989
6.200000 1.035910
6.400000 1.051763
6.600000 1.082187
6.800000 1.121028
7.000000 1.155036
7.200000 1.169933
7.400000 1.159103
7.600000 1.130724
7.800000 1.095813
8.000000 1.063955
8.200000 1.037981
8.400000 1.018769
8.600000 1.005733
8.800000 1.000112
9.000000 1.005431
9.200000 1.030249
9.400000 1.086477
9.600000 1.177042
9.800000 1.272016
10.000000 1.315341
10.200000 1.282512
10.400000 1.206008
10.600000 1.130420
10.800000 1.076084
11.000000 1.042823
11.200000 1.024014
11.400000 1.013703
11.600000 1.008050
11.800000 1.004885
12.000000 1.003055
12.200000 1.001961
12.400000 1.001293
12.600000 1.000884
12.800000 1.000637
13.000000 1.000490
13.200000 1.000404
13.400000 1.000351
13.600000 1.000315
13.800000 1.000284
14.000000 1.000253
14.200000 1.000222
14.400000 1.000191
14.600000 1.000163
14.800000 1.000143
15.000000 1.000130
15.200000 1.000125
15.400000 1.000124
15.600000 1.000125
15.800000 1.000125
16.000000 1.000124
16.200000 1.000121
16.400000 1.000119
16.600000 1.000117
16.800000 1.000116
17.000000 1.000115
17.200000 1.000114
17.400000 1.000111
17.600000 1.000109
17.800000 1.000107
18.000000 1.000107
18.200000 1.000108
18.400000 1.000109
18.600000 1.000109
18.800000 1.000108
19.000000 1.000106
19.200000 1.000104
19.400000 1.000103
19.600000 1.000103
19.800000 1.000104
20.000000 1.000105
20.200000 1.000105
20.400000 1.000104
20.600000 1.000103
20.800000 1.000101
21.000000 1.000100
21.200000 1.000100
21.400000 1.000101
21.600000 1.000102
21.800000 1.000102
22.000000 1.000102
22.200000 1.000101
22.400000 1.000099
22.600000 1.000098
22.800000 1.000097
23.000000 1.000098
23.200000 1.000098
23.400000 1.000099
23.600000 1.000098
23.800000 1.000097
24.000000 1.000095
24.200000 1.000093
24.400000 1.000092
24.600000 1.000092
24.800000 1.000092
25.000000 1.000092
25.200000 1.000092
25.400000 1.000090
25.600000 1.000089
25.800000 1.000087
26.000000 1.000085
26.200000 1.000085
26.400000 1.000085
26.600000 1.000085
26.800000 1.000085
27.000000 1.000085
27.200000 1.000083
27.400000 1.000081
27.600000 1.000079
27.800000 1.000078
28.000000 1.000078
28.200000 1.000078
28.400000 1.000079
28.600000 1.000079
28.800000 1.000078
29.000000 1.000077
29.200000 1.000075
29.400000 1.000073
29.600000 1.000072
29.800000 1.000071
30.000000 1.000072
30.200000 1.000072
30.400000 1.000073
30.600000 1.000072
30.800000 1.000071
31.000000 1.000069
31.200000 1.000067
31.400000 1.000066
31.600000 1.000065
31.800000 1.000065
32.000000 1.000066
32.200000 1.000066
32.400000 1.000066
32.600000 1.000065
32.800000 1.000064
33.000000 1.000062
33.200000 1.000061
33.400000 1.000060
33.600000 1.000060
33.800000 1.000060
34.000000 1.000061
34.200000 1.000061
34.400000 1.000061
34.600000 1.000060
34.800000 1.000058
35.000000 1.000057
35.200000 1.000056
35.400000 1.000055
35.600000 1.000055
35.800000 1.000055
36.000000 1.000055
36.200000 1.000056
36.400000 1.000055
36.600000 1.000055
36.800000 1.000054
37.000000 1.000052
37.200000 1.000051
37.400000 1.000050
37.600000 1.000050
37.800000 1.000050
38.000000 1.000050
38.200000 1.000051
38.400000 1.000051
38.600000 1.000050
38.800000 1.000050
39.000000 1.000049
39.200000 1.000048
39.400000 1.000047
39.600000 1.000046
39.800000 1.000046
40.000000 1.000046
40.200000 1.000047
40.400000 1.000047
40.600000 1.000047
40.800000 1.000047
41.000000 1.000046
41.200000 1.000045
41.400000 1.000044
41.600000 1.000044
41.800000 1.000043
42.000000 1.000043
42.200000 1.000043
42.400000 1.000043
42.600000 1.000043
42.800000 1.000043
43.000000 1.000043
43.200000 1.000043
43.400000 1.000042
43.600000 1.000042
43.800000 1.000041
44.000000 1.000041
44.200000 1.000040
44.400000 1.000040
44.600000 1.000040
44.800000 1.000041
45.000000 1.000041
45.200000 1.000041
45.400000 1.000041
45.600000 1.000041
45.800000 1.000040
46.000000 1.000040
46.200000 1.000040
46.400000 1.000039
46.600000 1.000039
46.800000 1.000038
47.000000 1.000038
47.200000 1.000038
47.400000 1.000038
47.600000 1.000039
47.800000 1.000039
48.000000 1.000039
48.200000 1.000039
48.400000 1.000039
48.600000 1.000039
48.800000 1.000039
49.000000 1.000039
49.200000 1.000038
49.400000 1.000038
49.600000 1.000038
49.800000 1.000038
50.000000 1.000038
50.200000 1.000038
50.400000 1.000038
50.600000 1.000038
50.800000 1.000038
51.000000 1.000039
51.200000 1.000039
51.400000 1.000039
51.600000 1.000039
51.800000 1.000039
52.000000 1.000039
52.200000 1.000039
52.400000 1.000039
52.600000 1.000038
52.800000 1.000038
53.000000 1.000038
53.200000 1.000038
53.400000 1.000039
53.600000 1.000039
53.800000 1.000040
54.000000 1.000040
54.200000 1.000040
54.400000 1.000041
54.600000 1.000041
54.800000 1.000041
55.000000 1.000041
55.200000 1.000041
55.400000 1.000040
55.600000 1.000040
55.800000 1.000040
56.000000 1.000041
56.200000 1.000041
56.400000 1.000042
56.600000 1.000042
56.800000 1.000043
57.000000 1.000043
57.200000 1.000043
57.400000 1.000043
57.600000 1.000043
57.800000 1.000043
58.000000 1.000043
58.200000 1.000043
58.400000 1.000044
58.600000 1.000044
58.800000 1.000045
59.000000 1.000046
59.200000 1.000047
59.400000 1.000047
59.600000 1.000047
59.800000 1.000047
60.000000 1.000046
60.200000 1.000046
60.400000 1.000046
60.600000 1.000047
60.800000 1.000048
61.000000 1.000049
61.200000 1.000050
61.400000 1.000050
61.600000 1.000051
61.800000 1.000051
62.000000 1.000050
62.200000 1.000050
62.400000 1.000050
62.600000 1.000050
62.800000 1.000051
63.000000 1.000052
63.200000 1.000054
63.400000 1.000055
63.600000 1.000055
63.800000 1.000056
64.000000 1.000055
64.200000 1.000055
64.400000 1.000055
64.600000 1.000055
64.800000 1.000056
65.000000 1.000057
65.200000 1.000058
65.400000 1.000060
65.600000 1.000061
65.800000 1.000061
66.000000 1.000061
66.200000 1.000060
66.400000 1.000060
66.600000 1.000060
66.800000 1.000061
67.000000 1.000062
67.200000 1.000064
67.400000 1.000065
67.600000 1.000066
67.800000 1.000066
68.000000 1.000066
68.200000 1.000065
68.400000 1.000065
68.600000 1.000066
68.800000 1.000067
69.000000 1.000069
69.200000 1.000071
69.400000 1.000072
69.600000 1.000073
69.800000 1.000072
70.000000 1.000072
70.200000 1.000071
70.400000 1.000072
70.600000 1.000073
70.800000 1.000075
71.000000 1.000077
71.200000 1.000078
71.400000 1.000079
71.600000 1.000079
71.800000 1.000078
72.000000 1.000078
72.200000 1.000078
72.400000 1.000079
72.600000 1.000081
72.800000 1.000083
73.000000 1.000085
73.200000 1.000085
73.400000 1.000085
73.600000 1.000085
73.800000 1.000085
74.000000 1.000085
74.200000 1.000087
74.400000 1.000089
74.600000 1.000090
74.800000 1.000092
75.000000 1.000092
75.200000 1.000092
75.400000 1.000092
75.600000 1.000092
75.800000 1.000093
76.000000 1.000095
76.200000 1.000097
76.400000 1.000098
76.600000 1.000099
76.800000 1.000098
77.000000 1.000098
77.200000 1.000097
77.400000 1.000098
77.600000 1.000099
77.800000 1.000101
78.000000 1.000102
78.200000 1.000102
78.400000 1.000102
78.600000 1.000101
78.800000 1.000100
79.000000 1.000100
79.200000 1.000101
79.400000 1.000103
79.600000 1.000104
79.800000 1.000105
80.000000 1.000105
80.200000 1.000104
80.400000 1.000103
80.600000 1.000103
80.800000 1.000104
81.000000 1.000106
81.200000 1.000108
81.400000 1.000109
81.600000 1.000109
81.800000 1.000108
82.000000 1.000107
82.200000 1.000107
82.400000 1.000109
82.600000 1.000112
82.800000 1.000114
83.000000 1.000116
83.200000 1.000117
83.400000 1.000118
83.600000 1.000121
83.800000 1.000124
84.000000 1.000127
84.200000 1.000130
84.400000 1.000132
84.600000 1.000133
84.800000 1.000137
85.000000 1.000146
85.200000 1.000164
85.400000 1.000193
85.600000 1.000230
85.800000 1.000276
86.000000 1.000327
86.200000 1.000385
86.400000 1.000454
86.600000 1.000547
86.800000 1.000683
87.000000 1.000901
87.200000 1.001261
87.400000 1.001869
87.600000 1.002907
87.800000 1.004707
88.000000 1.007883
88.200000 1.013591
88.400000 1.023973
88.600000 1.042806
88.800000 1.075937
89.000000 1.129892
89.200000 1.204902
89.400000 1.281113
89.600000 1.314599
89.800000 1.272741
90.000000 1.178815
90.200000 1.088286
90.400000 1.031427
90.600000 1.005981
90.800000 1.000024
91.000000 1.005371
91.200000 1.018108
91.400000 1.037566
91.600000 1.063517
91.800000 1.095818
92.000000 1.130198
92.200000 1.158750
92.400000 1.168915
92.600000 1.155062
92.800000 1.121555
93.000000 1.083413
93.200000 1.053350
93.400000 1.036434
93.600000 1.033155
93.800000 1.039755
94.000000 1.051945
94.200000 1.066156
94.400000 1.076920
94.600000 1.082117
94.800000 1.082306
95.000000 1.077659
95.200000 1.070628
95.400000 1.062699
95.600000 1.053895
95.800000 1.045599
96.000000 1.040820
96.200000 1.039183
96.400000 1.039651
96.600000 1.041466
96.800000 1.042446
97.000000 1.040467
97.200000 1.038434
97.400000 1.037721
97.600000 1.036261
97.800000 1.033334
98.000000 1.031071
98.200000 1.029042
98.400000 1.027035
98.600000 1.026376
98.800000 1.026927
99.000000 1.026345
99.200000 1.025103
99.400000 1.025305
99.600000 1.026579
99.800000 1.026579
