0.000000 1.000755
0.200000 1.000755
0.400000 1.000841
0.600000 1.000869
0.800000 1.000765
1.000000 1.000704
1.200000 1.000844
1.400000 1.000952
1.600000 1.000763
1.800000 1.000594
2.000000 1.000844
2.200000 1.001085
2.400000 1.000768
2.600000 1.000443
2.800000 1.000837
3.000000 1.001245
3.200000 1.000784
3.400000 1.000306
3.600000 1.000833
3.800000 1.001353
4.000000 1.000798
4.200000 1.000287
4.400000 1.000833
4.600000 1.001252
4.800000 1.000790
5.000000 1.000539
5.200000 1.000873
5.400000 1.000864
5.600000 1.000734
5.800000 1.001033
6.000000 1.000967
6.200000 1.000373
6.400000 1.000624
6.600000 1.001402
6.800000 1.001100
7.000000 1.000304
7.200000 1.000573
7.400000 1.001120
7.600000 1.001016
7.800000 1.000885
8.000000 1.000868
8.200000 1.000467
8.400000 1.000580
8.600000 1.001341
8.800000 1.001342
9.000000 1.000497
9.200000 1.000357
9.400000 1.000803
9.600000 1.001097
9.800000 1.001266
10.000000 1.001156
10.200000 1.000404
10.400000 1.000189
10.600000 1.000944
10.800000 1.001541
11.000000 1.001264
11.200000 1.000763
11.400000 1.000239
11.600000 1.000232
11.800000 1.001041
12.000000 1.001847
12.200000 1.001519
12.400000 1.000705
12.600000 1.000128
12.800000 1.000198
13.000000 1.000938
13.200000 1.001848
13.400000 1.001692
13.600000 1.000712
13.800000 0.999782
14.000000 0.999590
14.200000 1.000255
14.400000 1.001594
14.600000 1.002282
14.800000 1.001872
15.000000 1.000846
15.200000 1.000060
15.400000 1.000147
15.600000 1.001666
15.800000 1.003569
16.000000 1.004778
16.200000 1.004828
16.400000 1.003962
16.600000 1.003116
16.800000 1.003886
17.000000 1.006298
17.200000 1.009658
17.400000 1.012684
17.600000 1.013825
17.800000 1.012956
18.000000 1.011456
18.200000 1.010573
18.400000 1.011731
18.600000 1.014887
18.800000 1.018451
19.000000 1.021220
19.200000 1.022015
19.400000 1.021365
19.600000 1.021236
19.800000 1.023258
20.000000 1.028427
20.200000 1.036019
20.400000 1.043028
20.600000 1.046893
20.800000 1.045235
21.000000 1.038868
21.200000 1.030173
21.400000 1.022152
21.600000 1.017464
21.800000 1.017447
22.000000 1.022719
22.200000 1.033317
22.400000 1.048345
22.600000 1.066321
22.800000 1.083887
23.000000 1.096821
23.200000 1.101091
23.400000 1.094815
23.600000 1.079667
23.800000 1.059026
24.000000 1.037348
24.200000 1.017162
24.400000 1.000715
24.600000 0.988518
24.800000 0.982320
25.000000 0.984455
25.200000 1.001135
25.400000 1.040851
25.600000 1.108849
25.800000 1.189237
26.000000 1.240410
26.200000 1.229410
26.400000 1.169142
26.600000 1.097646
26.800000 1.040560
27.000000 1.002773
27.200000 0.979841
27.400000 0.966015
27.600000 0.957351
27.800000 0.951371
28.000000 0.946860
28.200000 0.943160
28.400000 0.940211
28.600000 0.938775
28.800000 0.941921
29.000000 0.959606
29.200000 1.018004
29.400000 1.158090
29.600000 1.372322
29.800000 1.522858
30.000000 1.482680
30.200000 1.322111
30.400000 1.173701
30.600000 1.083363
30.800000 1.038013
31.000000 1.017118
31.200000 1.007795
31.400000 1.003657
31.600000 1.001805
31.800000 1.000959
32.000000 1.000561
32.200000 1.000367
32.400000 1.000268
32.600000 1.000216
32.800000 1.000188
33.000000 1.000171
33.200000 1.000161
33.400000 1.000153
33.600000 1.000147
33.800000 1.000142
34.000000 1.000138
34.200000 1.000136
34.400000 1.000134
34.600000 1.000134
34.800000 1.000133
35.000000 1.000132
35.200000 1.000130
35.400000 1.000127
35.600000 1.000126
35.800000 1.000125
36.000000 1.000125
36.200000 1.000126
36.400000 1.000127
36.600000 1.000127
36.800000 1.000127
37.000000 1.000125
37.200000 1.000124
37.400000 1.000123
37.600000 1.000123
37.800000 1.000124
38.000000 1.000125
38.200000 1.000125
38.400000 1.000124
38.600000 1.000124
38.800000 1.000123
39.000000 1.000123
39.200000 1.000123
39.400000 1.000124
39.600000 1.000125
39.800000 1.000126
40.000000 1.000126
40.200000 1.000125
40.400000 1.000124
40.600000 1.000122
40.800000 1.000122
41.000000 1.000122
41.200000 1.000123
41.400000 1.000124
41.600000 1.000125
41.800000 1.000125
42.000000 1.000124
42.200000 1.000122
42.400000 1.000121
42.600000 1.000120
42.800000 1.000119
43.000000 1.000119
43.200000 1.000120
43.400000 1.000120
43.600000 1.000120
43.800000 1.000120
44.000000 1.000119
44.200000 1.000118
44.400000 1.000117
44.600000 1.000117
44.800000 1.000117
45.000000 1.000117
45.200000 1.000117
45.400000 1.000117
45.600000 1.000116
45.800000 1.000115
46.000000 1.000114
46.200000 1.000114
46.400000 1.000114
46.600000 1.000115
46.800000 1.000115
47.000000 1.000116
47.200000 1.000115
47.400000 1.000115
47.600000 1.000113
47.800000 1.000112
48.000000 1.000112
48.200000 1.000112
48.400000 1.000113
48.600000 1.000114
48.800000 1.000115
49.000000 1.000115
49.200000 1.000115
49.400000 1.000114
49.600000 1.000112
49.800000 1.000111
50.000000 1.000111
50.200000 1.000111
50.400000 1.000112
50.600000 1.000114
50.800000 1.000115
51.000000 1.000115
51.200000 1.000115
51.400000 1.000114
51.600000 1.000113
51.800000 1.000112
52.000000 1.000112
52.200000 1.000112
52.400000 1.000113
52.600000 1.000115
52.800000 1.000115
53.000000 1.000116
53.200000 1.000115
53.400000 1.000115
53.600000 1.000114
53.800000 1.000114
54.000000 1.000114
54.200000 1.000115
54.400000 1.000116
54.600000 1.000117
54.800000 1.000117
55.000000 1.000117
55.200000 1.000117
55.400000 1.000117
55.600000 1.000117
55.800000 1.000118
56.000000 1.000119
56.200000 1.000120
56.400000 1.000120
56.600000 1.000120
56.800000 1.000120
57.000000 1.000119
57.200000 1.000119
57.400000 1.000120
57.600000 1.000121
57.800000 1.000122
58.000000 1.000124
58.200000 1.000125
58.400000 1.000125
58.600000 1.000124
58.800000 1.000123
59.000000 1.000122
59.200000 1.000122
59.400000 1.000122
59.600000 1.000124
59.800000 1.000125
60.000000 1.000126
60.200000 1.000126
60.400000 1.000125
60.600000 1.000124
60.800000 1.000123
61.000000 1.000123
61.200000 1.000123
61.400000 1.000124
61.600000 1.000124
61.800000 1.000125
62.000000 1.000125
62.200000 1.000124
62.400000 1.000123
62.600000 1.000123
62.800000 1.000124
63.000000 1.000125
63.200000 1.000127
63.400000 1.000127
63.600000 1.000127
63.800000 1.000126
64.000000 1.000126
64.200000 1.000125
64.400000 1.000126
64.600000 1.000128
64.800000 1.000130
65.000000 1.000133
65.200000 1.000134
65.400000 1.000136
65.600000 1.000137
65.800000 1.000140
66.000000 1.000144
66.200000 1.000150
66.400000 1.000159
66.600000 1.000171
66.800000 1.000188
67.000000 1.000216
67.200000 1.000265
67.400000 1.000360
67.600000 1.000549
67.800000 1.000940
68.000000 1.001776
68.200000 1.003605
68.400000 1.007682
68.600000 1.016857
68.800000 1.037405
69.000000 1.082009
69.200000 1.171018
69.400000 1.317974
69.600000 1.478979
69.800000 1.523037
70.000000 1.376404
70.200000 1.162275
70.400000 1.020334
70.600000 0.960580
70.800000 0.942300
71.000000 0.938931
71.200000 0.940267
71.400000 0.943175
71.600000 0.946840
71.800000 0.951374
72.000000 0.957356
72.200000 0.966103
72.400000 0.979923
72.600000 1.002884
72.800000 1.040422
73.000000 1.097141
73.200000 1.167968
73.400000 1.228053
73.600000 1.239604
73.800000 1.189798
74.000000 1.110277
74.200000 1.042608
74.400000 1.002492
74.600000 0.985556
74.800000 0.982766
75.000000 0.988713
75.200000 1.000212
75.400000 1.016572
75.600000 1.036383
75.800000 1.058459
76.000000 1.079261
76.200000 1.094928
76.400000 1.101169
76.600000 1.096763
76.800000 1.083573
77.000000 1.065964
77.200000 1.048438
77.400000 1.033814
77.600000 1.023733
77.800000 1.018471
78.000000 1.018124
78.200000 1.022211
78.400000 1.029393
78.600000 1.037689
78.800000 1.044182
79.000000 1.046330
79.200000 1.043562
79.400000 1.036824
79.600000 1.029462
79.800000 1.023676
80.000000 1.020910
80.200000 1.020733
80.400000 1.021239
80.600000 1.020914
80.800000 1.018864
81.000000 1.015402
81.200000 1.012360
81.400000 1.010716
81.600000 1.010947
81.800000 1.012453
82.000000 1.013320
82.200000 1.012616
82.400000 1.010167
82.600000 1.006767
82.800000 1.004116
83.000000 1.003146
83.200000 1.003444
83.400000 1.004437
83.600000 1.004708
83.800000 1.003687
84.000000 1.001976
84.200000 1.000526
84.400000 0.999902
84.600000 1.000593
84.800000 1.001641
85.000000 1.002106
85.200000 1.001684
85.400000 1.000688
85.600000 0.999647
85.800000 0.999669
86.000000 1.000545
86.200000 1.001443
86.400000 1.001734
86.600000 1.001338
86.800000 1.000365
87.000000 0.999999
87.200000 1.000583
87.400000 1.001376
87.600000 1.001623
87.800000 1.001366
88.000000 1.000528
88.200000 1.000019
88.400000 1.000531
88.600000 1.001349
88.800000 1.001383
89.000000 1.001037
89.200000 1.000566
89.400000 1.000251
89.600000 1.000664
89.800000 1.001481
90.000000 1.001312
90.200000 1.000599
90.400000 1.000458
90.600000 1.000688
90.800000 1.000851
91.000000 1.001256
91.200000 1.001179
91.400000 1.000409
91.600000 1.000303
91.800000 1.001130
92.000000 1.001263
92.200000 1.000730
92.400000 1.000651
92.600000 1.000761
92.800000 1.000649
93.000000 1.000988
93.200000 1.001261
93.400000 1.000633
93.600000 1.000236
93.800000 1.000983
94.000000 1.001358
94.200000 1.000671
94.400000 1.000398
94.600000 1.000924
94.800000 1.001018
95.000000 1.000714
95.200000 1.000799
95.400000 1.000882
95.600000 1.000622
95.800000 1.000731
96.000000 1.001124
96.200000 1.000881
96.400000 1.000387
96.600000 1.000705
96.800000 1.001251
97.000000 1.000906
97.200000 1.000332
97.400000 1.000660
97.600000 1.001239
97.800000 1.000950
98.000000 1.000383
98.200000 1.000617
98.400000 1.001169
98.600000 1.000994
98.800000 1.000458
99.000000 1.000572
99.200000 1.001090
99.400000 1.001034
99.600000 1.000523
99.800000 1.000523
