0.000000 1.000586
0.200000 1.000586
0.400000 1.001160
0.600000 1.001209
0.800000 1.000632
1.000000 1.000543
1.200000 1.001120
1.400000 1.001262
1.600000 1.000685
1.800000 1.000509
2.000000 1.001068
2.200000 1.001276
2.400000 1.000735
2.600000 1.000528
2.800000 1.001023
3.000000 1.001220
3.200000 1.000778
3.400000 1.000642
3.600000 1.000988
3.800000 1.001046
4.000000 1.000806
4.200000 1.000898
4.400000 1.000991
4.600000 1.000749
4.800000 1.000798
5.000000 1.001223
5.200000 1.001008
5.400000 1.000449
5.600000 1.000795
5.800000 1.001464
6.000000 1.001031
6.200000 1.000381
6.400000 1.000800
6.600000 1.001320
6.800000 1.000986
7.000000 1.000753
7.200000 1.000925
7.400000 1.000807
7.600000 1.000820
7.800000 1.001317
8.000000 1.001164
8.200000 1.000416
8.400000 1.000607
8.600000 1.001388
8.800000 1.001272
9.000000 1.000749
9.200000 1.000746
9.400000 1.000797
9.600000 1.000898
9.800000 1.001365
10.000000 1.001323
10.200000 1.000534
10.400000 1.000419
10.600000 1.001107
10.800000 1.001419
11.000000 1.001222
11.200000 1.000955
11.400000 1.000507
11.600000 1.000497
11.800000 1.001261
12.000000 1.001724
12.200000 1.001189
12.400000 1.000584
12.600000 1.000418
12.800000 1.000721
13.000000 1.001421
13.200000 1.001862
13.400000 1.001241
13.600000 1.000378
13.800000 1.000210
14.000000 1.000744
14.200000 1.001498
14.400000 1.002008
14.600000 1.001518
14.800000 1.000531
15.000000 1.000093
15.200000 1.000547
15.400000 1.001384
15.600000 1.002168
15.800000 1.001997
16.000000 1.000899
16.200000 0.999833
16.400000 0.999655
16.600000 1.000308
16.800000 1.001619
17.000000 1.002456
17.200000 1.002100
17.400000 1.000905
17.600000 0.999835
17.800000 0.999553
18.000000 1.000800
18.200000 1.002774
18.400000 1.004245
18.600000 1.004485
18.800000 1.003484
19.000000 1.001991
19.200000 1.001790
19.400000 1.003367
19.600000 1.006499
19.800000 1.010078
20.000000 1.012308
20.200000 1.012421
20.400000 1.011153
20.600000 1.009569
20.800000 1.009518
21.000000 1.011592
21.200000 1.014952
21.400000 1.018418
21.600000 1.020147
21.800000 1.019701
22.000000 1.018145
22.200000 1.017135
22.400000 1.018799
22.600000 1.024115
22.800000 1.032100
23.000000 1.040815
23.200000 1.046618
23.400000 1.047526
23.600000 1.043058
23.800000 1.035120
24.000000 1.026608
24.200000 1.019847
24.400000 1.016408
24.600000 1.016919
24.800000 1.021437
25.000000 1.030298
25.200000 1.043478
25.400000 1.060727
25.600000 1.079963
25.800000 1.096774
26.000000 1.105617
26.200000 1.102139
26.400000 1.086933
26.600000 1.063853
26.800000 1.038876
27.000000 1.015702
27.200000 0.996974
27.400000 0.982850
27.600000 0.974243
27.800000 0.972123
28.000000 0.980895
28.200000 1.008418
28.400000 1.065311
28.600000 1.150399
28.800000 1.231567
29.000000 1.257840
29.200000 1.214530
29.400000 1.137013
29.600000 1.065604
29.800000 1.015716
30.000000 0.985256
30.200000 0.967343
30.400000 0.956594
30.600000 0.949542
30.800000 0.944420
31.000000 0.940222
31.200000 0.936508
31.400000 0.933104
31.600000 0.930169
31.800000 0.928676
32.000000 0.932389
32.200000 0.954074
32.400000 1.028592
32.600000 1.207131
32.800000 1.460441
33.000000 1.596175
33.200000 1.500060
33.400000 1.304244
33.600000 1.151784
33.800000 1.068461
34.000000 1.029690
34.200000 1.012818
34.400000 1.005630
34.600000 1.002567
34.800000 1.001245
35.000000 1.000665
35.200000 1.000403
35.400000 1.000281
35.600000 1.000222
35.800000 1.000192
36.000000 1.000174
36.200000 1.000163
36.400000 1.000155
36.600000 1.000150
36.800000 1.000148
37.000000 1.000146
37.200000 1.000145
37.400000 1.000144
37.600000 1.000142
37.800000 1.000139
38.000000 1.000137
38.200000 1.000135
38.400000 1.000135
38.600000 1.000136
38.800000 1.000137
39.000000 1.000138
39.200000 1.000138
39.400000 1.000137
39.600000 1.000136
39.800000 1.000135
40.000000 1.000134
40.200000 1.000134
40.400000 1.000135
40.600000 1.000135
40.800000 1.000136
41.000000 1.000136
41.200000 1.000135
41.400000 1.000135
41.600000 1.000135
41.800000 1.000136
42.000000 1.000137
42.200000 1.000137
42.400000 1.000138
42.600000 1.000137
42.800000 1.000136
43.000000 1.000135
43.200000 1.000135
43.400000 1.000135
43.600000 1.000137
43.800000 1.000138
44.000000 1.000139
44.200000 1.000140
44.400000 1.000139
44.600000 1.000137
44.800000 1.000135
45.000000 1.000133
45.200000 1.000133
45.400000 1.000134
45.600000 1.000135
45.800000 1.000137
46.000000 1.000138
46.200000 1.000138
46.400000 1.000136
46.600000 1.000134
46.800000 1.000132
47.000000 1.000131
47.200000 1.000131
47.400000 1.000132
47.600000 1.000134
47.800000 1.000135
48.000000 1.000136
48.200000 1.000136
48.400000 1.000134
48.600000 1.000132
48.800000 1.000130
49.000000 1.000130
49.200000 1.000130
49.400000 1.000131
49.600000 1.000133
49.800000 1.000135
50.000000 1.000135
50.200000 1.000135
50.400000 1.000133
50.600000 1.000131
50.800000 1.000130
51.000000 1.000130
51.200000 1.000130
51.400000 1.000132
51.600000 1.000134
51.800000 1.000136
52.000000 1.000136
52.200000 1.000135
52.400000 1.000134
52.600000 1.000132
52.800000 1.000131
53.000000 1.000131
53.200000 1.000132
53.400000 1.000134
53.600000 1.000136
53.800000 1.000138
54.000000 1.000138
54.200000 1.000137
54.400000 1.000135
54.600000 1.000134
54.800000 1.000133
55.000000 1.000133
55.200000 1.000135
55.400000 1.000137
55.600000 1.000139
55.800000 1.000140
56.000000 1.000139
56.200000 1.000138
56.400000 1.000137
56.600000 1.000135
56.800000 1.000135
57.000000 1.000135
57.200000 1.000136
57.400000 1.000137
57.600000 1.000138
57.800000 1.000137
58.000000 1.000137
58.200000 1.000136
58.400000 1.000135
58.600000 1.000135
58.800000 1.000135
59.000000 1.000136
59.200000 1.000136
59.400000 1.000135
59.600000 1.000135
59.800000 1.000134
60.000000 1.000134
60.200000 1.000135
60.400000 1.000136
60.600000 1.000137
60.800000 1.000138
61.000000 1.000138
61.200000 1.000137
61.400000 1.000136
61.600000 1.000135
61.800000 1.000136
62.000000 1.000138
62.200000 1.000140
62.400000 1.000143
62.600000 1.000146
62.800000 1.000148
63.000000 1.000150
63.200000 1.000154
63.400000 1.000160
63.600000 1.000171
63.800000 1.000189
64.000000 1.000220
64.200000 1.000280
64.400000 1.000399
64.600000 1.000656
64.800000 1.001224
65.000000 1.002520
65.200000 1.005526
65.400000 1.012574
65.600000 1.029108
65.800000 1.067100
66.000000 1.148867
66.200000 1.299174
66.400000 1.494502
66.600000 1.594990
66.800000 1.465300
67.000000 1.213018
67.200000 1.031971
67.400000 0.955453
67.600000 0.932927
67.800000 0.928935
68.000000 0.930328
68.200000 0.933222
68.400000 0.936584
68.600000 0.940277
68.800000 0.944428
69.000000 0.949550
69.200000 0.956558
69.400000 0.967337
69.600000 0.985177
69.800000 1.015587
70.000000 1.065151
70.200000 1.136177
70.400000 1.213228
70.600000 1.256791
70.800000 1.231399
71.000000 1.151369
71.200000 1.066691
71.400000 1.009895
71.600000 0.982047
71.800000 0.973200
72.000000 0.974855
72.200000 0.983325
72.400000 0.996764
72.600000 1.015275
72.800000 1.037822
73.000000 1.062955
73.200000 1.086085
73.400000 1.102040
73.600000 1.105817
73.800000 1.097220
74.000000 1.080086
74.200000 1.060590
74.400000 1.043306
74.600000 1.030303
74.800000 1.021962
75.000000 1.017687
75.200000 1.017293
75.400000 1.020385
75.600000 1.026456
75.800000 1.034344
76.000000 1.041826
76.200000 1.046457
76.400000 1.046335
76.600000 1.041196
76.800000 1.033276
77.000000 1.025036
77.200000 1.019354
77.400000 1.016955
77.600000 1.017318
77.800000 1.018926
78.000000 1.019638
78.200000 1.018497
78.400000 1.015671
78.600000 1.012180
78.800000 1.009904
79.000000 1.009430
79.200000 1.010426
79.400000 1.011900
79.600000 1.011991
79.800000 1.010255
80.000000 1.007147
80.200000 1.003830
80.400000 1.001887
80.600000 1.001841
80.800000 1.002858
81.000000 1.004129
81.200000 1.004255
81.400000 1.002989
81.600000 1.001195
81.800000 0.999864
82.000000 0.999599
82.200000 1.000646
82.400000 1.001818
82.600000 1.002287
82.800000 1.001814
83.000000 1.000690
83.200000 0.999690
83.400000 0.999814
83.600000 1.000683
83.800000 1.001668
84.000000 1.002134
84.200000 1.001695
84.400000 1.000652
84.600000 1.000177
84.800000 1.000459
85.000000 1.001182
85.200000 1.001826
85.400000 1.001786
85.600000 1.000881
85.800000 1.000237
86.000000 1.000385
86.200000 1.000993
86.400000 1.001578
86.600000 1.001706
86.800000 1.000963
87.000000 1.000289
87.200000 1.000520
87.400000 1.001145
87.600000 1.001437
87.800000 1.001424
88.000000 1.000895
88.200000 1.000311
88.400000 1.000624
88.600000 1.001399
88.800000 1.001400
89.000000 1.000975
89.200000 1.000744
89.400000 1.000575
89.600000 1.000771
89.800000 1.001434
90.000000 1.001380
90.200000 1.000580
90.400000 1.000492
90.600000 1.001054
90.800000 1.001144
91.000000 1.001034
91.200000 1.001046
91.400000 1.000678
91.600000 1.000516
91.800000 1.001196
92.000000 1.001458
92.200000 1.000684
92.400000 1.000434
92.600000 1.001064
92.800000 1.001200
93.000000 1.000822
93.200000 1.000870
93.400000 1.000919
93.600000 1.000693
93.800000 1.000923
94.000000 1.001308
94.200000 1.000856
94.400000 1.000393
94.600000 1.000935
94.800000 1.001417
95.000000 1.000840
95.200000 1.000417
95.400000 1.000931
95.600000 1.001283
95.800000 1.000851
96.000000 1.000612
96.200000 1.000912
96.400000 1.001042
96.600000 1.000841
96.800000 1.000834
97.000000 1.000933
97.200000 1.000848
97.400000 1.000804
97.600000 1.000982
97.800000 1.000974
98.000000 1.000739
98.200000 1.000763
98.400000 1.001054
98.600000 1.001019
98.800000 1.000697
99.000000 1.000720
99.200000 1.001060
99.400000 1.001045
99.600000 1.000693
99.800000 1.000693
