0.000000 1.001163
0.200000 1.001163
0.400000 1.000757
0.600000 1.000742
0.800000 1.001141
1.000000 1.001178
1.200000 1.000793
1.400000 1.000750
1.600000 1.001099
1.800000 1.001149
2.000000 1.000834
2.200000 1.000809
2.400000 1.001057
2.600000 1.001064
2.800000 1.000876
3.000000 1.000936
3.200000 1.001020
3.400000 1.000900
3.600000 1.000912
3.800000 1.001155
4.000000 1.001018
4.200000 1.000683
4.400000 1.000917
4.600000 1.001374
4.800000 1.001012
5.000000 1.000494
5.200000 1.000923
5.400000 1.001503
5.600000 1.001018
5.800000 1.000505
6.000000 1.000950
6.200000 1.001357
6.400000 1.000981
6.600000 1.000821
6.800000 1.001026
7.000000 1.000923
7.200000 1.000888
7.400000 1.001321
7.600000 1.001169
7.800000 1.000522
8.000000 1.000767
8.200000 1.001528
8.400000 1.001256
8.600000 1.000636
8.800000 1.000810
9.000000 1.001131
9.200000 1.001088
9.400000 1.001240
9.600000 1.001167
9.800000 1.000608
10.000000 1.000683
10.200000 1.001459
10.400000 1.001472
10.600000 1.000844
10.800000 1.000706
11.000000 1.000900
11.200000 1.001080
11.400000 1.001465
11.600000 1.001444
11.800000 1.000712
12.000000 1.000463
12.200000 1.001090
12.400000 1.001547
12.600000 1.001460
12.800000 1.001136
13.000000 1.000602
13.200000 1.000479
13.400000 1.001206
13.600000 1.001839
13.800000 1.001536
14.000000 1.000897
14.200000 1.000484
14.400000 1.000581
14.600000 1.001306
14.800000 1.002010
15.000000 1.001719
15.200000 1.000880
15.400000 1.000338
15.600000 1.000444
15.800000 1.001156
16.000000 1.002038
16.200000 1.002041
16.400000 1.001222
16.600000 1.000414
16.800000 1.000234
17.000000 1.000799
17.200000 1.001938
17.400000 1.002511
17.600000 1.002017
17.800000 1.000892
18.000000 0.999902
18.200000 0.999664
18.400000 1.000676
18.600000 1.002000
18.800000 1.002650
19.000000 1.002217
19.200000 1.000899
19.400000 0.999512
19.600000 0.999445
19.800000 1.000674
20.000000 1.002642
20.200000 1.004274
20.400000 1.004439
20.600000 1.003090
20.800000 1.001556
21.000000 1.000808
21.200000 1.002064
21.400000 1.005149
21.600000 1.008657
21.800000 1.011208
22.000000 1.011835
22.200000 1.010529
22.400000 1.009013
22.600000 1.008524
22.800000 1.010039
23.000000 1.013426
23.200000 1.016993
23.400000 1.019329
23.600000 1.019387
23.800000 1.017415
24.000000 1.015288
24.200000 1.014881
24.400000 1.017790
24.600000 1.024511
24.800000 1.033374
25.000000 1.042116
25.200000 1.047341
25.400000 1.047437
25.600000 1.042604
25.800000 1.034826
26.000000 1.026788
26.200000 1.020421
26.400000 1.016787
26.600000 1.016290
26.800000 1.018920
27.000000 1.025276
27.200000 1.035998
27.400000 1.051859
27.600000 1.072112
27.800000 1.092849
28.000000 1.107595
28.200000 1.109491
28.400000 1.096925
28.600000 1.073327
28.800000 1.045911
29.000000 1.019809
29.200000 0.998493
29.400000 0.982182
29.600000 0.971243
29.800000 0.965514
30.000000 0.967470
30.200000 0.982430
30.400000 1.021210
30.600000 1.093686
30.800000 1.189507
31.000000 1.260778
31.200000 1.258941
31.400000 1.191830
31.600000 1.107851
31.800000 1.041144
32.000000 0.998409
32.200000 0.973359
32.400000 0.958866
32.600000 0.949914
32.800000 0.943824
33.000000 0.939107
33.200000 0.935048
33.400000 0.931295
33.600000 0.927691
33.800000 0.924199
34.000000 0.921166
34.200000 0.919995
34.400000 0.926169
34.600000 0.958990
34.800000 1.068344
35.000000 1.307405
35.200000 1.581251
35.400000 1.643292
35.600000 1.466594
35.800000 1.252855
36.000000 1.116152
36.200000 1.049476
36.400000 1.020590
36.600000 1.008618
36.800000 1.003706
37.000000 1.001678
37.200000 1.000830
37.400000 1.000468
37.600000 1.000308
37.800000 1.000234
38.000000 1.000197
38.200000 1.000177
38.400000 1.000166
38.600000 1.000160
38.800000 1.000157
39.000000 1.000155
39.200000 1.000154
39.400000 1.000153
39.600000 1.000151
39.800000 1.000149
40.000000 1.000147
40.200000 1.000146
40.400000 1.000146
40.600000 1.000146
40.800000 1.000146
41.000000 1.000146
41.200000 1.000146
41.400000 1.000145
41.600000 1.000145
41.800000 1.000145
42.000000 1.000146
42.200000 1.000147
42.400000 1.000147
42.600000 1.000147
42.800000 1.000146
43.000000 1.000145
43.200000 1.000144
43.400000 1.000144
43.600000 1.000145
43.800000 1.000147
44.000000 1.000149
44.200000 1.000150
44.400000 1.000151
44.600000 1.000150
44.800000 1.000148
45.000000 1.000147
45.200000 1.000146
45.400000 1.000147
45.600000 1.000148
45.800000 1.000151
46.000000 1.000152
46.200000 1.000153
46.400000 1.000152
46.600000 1.000150
46.800000 1.000148
47.000000 1.000147
47.200000 1.000146
47.400000 1.000147
47.600000 1.000149
47.800000 1.000151
48.000000 1.000151
48.200000 1.000151
48.400000 1.000150
48.600000 1.000148
48.800000 1.000146
49.000000 1.000145
49.200000 1.000145
49.400000 1.000147
49.600000 1.000149
49.800000 1.000151
50.000000 1.000151
50.200000 1.000151
50.400000 1.000149
50.600000 1.000147
50.800000 1.000145
51.000000 1.000145
51.200000 1.000146
51.400000 1.000148
51.600000 1.000150
51.800000 1.000151
52.000000 1.000151
52.200000 1.000151
52.400000 1.000149
52.600000 1.000147
52.800000 1.000146
53.000000 1.000147
53.200000 1.000148
53.400000 1.000150
53.600000 1.000152
53.800000 1.000153
54.000000 1.000152
54.200000 1.000151
54.400000 1.000148
54.600000 1.000147
54.800000 1.000146
55.000000 1.000147
55.200000 1.000148
55.400000 1.000150
55.600000 1.000151
55.800000 1.000150
56.000000 1.000149
56.200000 1.000147
56.400000 1.000145
56.600000 1.000144
56.800000 1.000144
57.000000 1.000145
57.200000 1.000146
57.400000 1.000147
57.600000 1.000147
57.800000 1.000147
58.000000 1.000146
58.200000 1.000145
58.400000 1.000145
58.600000 1.000145
58.800000 1.000146
59.000000 1.000146
59.200000 1.000147
59.400000 1.000147
59.600000 1.000146
59.800000 1.000147
60.000000 1.000148
60.200000 1.000150
60.400000 1.000153
60.600000 1.000155
60.800000 1.000158
61.000000 1.000161
61.200000 1.000166
61.400000 1.000175
61.600000 1.000193
61.800000 1.000229
62.000000 1.000303
62.200000 1.000462
62.400000 1.000819
62.600000 1.001650
62.800000 1.003633
63.000000 1.008433
63.200000 1.020123
63.400000 1.048323
63.600000 1.113474
63.800000 1.247544
64.000000 1.459197
64.200000 1.639093
64.400000 1.585343
64.600000 1.315281
64.800000 1.073546
65.000000 0.961154
65.200000 0.926964
65.400000 0.920350
65.600000 0.921387
65.800000 0.924374
66.000000 0.927835
66.200000 0.931423
66.400000 0.935138
66.600000 0.939183
66.800000 0.943848
67.000000 0.949929
67.200000 0.958807
67.400000 0.973283
67.600000 0.998171
67.800000 1.040732
68.000000 1.106998
68.200000 1.190636
68.400000 1.257699
68.600000 1.260362
68.800000 1.190077
69.000000 1.094933
69.200000 1.022440
69.400000 0.983638
69.600000 0.968418
69.800000 0.966508
70.000000 0.971868
70.200000 0.982749
70.400000 0.998398
70.600000 1.019458
70.800000 1.044831
71.000000 1.072294
71.200000 1.095894
71.400000 1.109314
71.600000 1.107876
71.800000 1.093560
72.000000 1.072508
72.200000 1.051934
72.400000 1.035809
72.600000 1.025101
72.800000 1.019144
73.000000 1.016793
73.200000 1.017585
73.400000 1.021041
73.600000 1.026911
73.800000 1.034315
74.000000 1.041490
74.200000 1.046284
74.400000 1.046712
74.600000 1.042216
74.800000 1.034384
75.000000 1.025548
75.200000 1.018719
75.400000 1.015030
75.600000 1.014733
75.800000 1.016582
76.000000 1.018501
76.200000 1.019042
76.400000 1.017361
76.600000 1.014048
76.800000 1.010798
77.000000 1.008735
77.200000 1.008641
77.400000 1.009976
77.600000 1.011098
77.800000 1.011046
78.000000 1.009000
78.200000 1.005668
78.400000 1.002628
78.600000 1.000960
78.800000 1.001110
79.000000 1.002673
79.200000 1.003956
79.400000 1.004198
79.600000 1.003037
79.800000 1.001070
80.000000 0.999627
80.200000 0.999543
80.400000 1.000444
80.600000 1.001872
80.800000 1.002595
81.000000 1.002107
81.200000 1.000953
81.400000 0.999989
81.600000 0.999749
81.800000 1.000652
82.000000 1.001813
82.200000 1.002353
82.400000 1.002049
82.600000 1.001169
82.800000 1.000271
83.000000 1.000309
83.200000 1.001066
83.400000 1.001789
83.600000 1.001982
83.800000 1.001499
84.000000 1.000572
84.200000 1.000253
84.400000 1.000786
84.600000 1.001503
84.800000 1.001841
85.000000 1.001615
85.200000 1.000796
85.400000 1.000321
85.600000 1.000776
85.800000 1.001466
86.000000 1.001650
86.200000 1.001413
86.400000 1.000802
86.600000 1.000380
86.800000 1.000850
87.000000 1.001583
87.200000 1.001522
87.400000 1.001060
87.600000 1.000765
87.800000 1.000628
88.000000 1.000970
88.200000 1.001605
88.400000 1.001430
88.600000 1.000681
88.800000 1.000633
89.000000 1.001047
89.200000 1.001181
89.400000 1.001279
89.600000 1.001206
89.800000 1.000633
90.000000 1.000589
90.200000 1.001350
90.400000 1.001490
90.600000 1.000819
90.800000 1.000709
91.000000 1.001017
91.200000 1.001013
91.400000 1.001099
91.600000 1.001277
91.800000 1.000812
92.000000 1.000523
92.200000 1.001174
92.400000 1.001519
92.600000 1.000807
92.800000 1.000534
93.000000 1.001103
93.200000 1.001261
93.400000 1.000876
93.600000 1.000911
93.800000 1.001028
94.000000 1.000840
94.200000 1.000927
94.400000 1.001276
94.600000 1.000981
94.800000 1.000545
95.000000 1.000928
95.200000 1.001435
95.400000 1.000985
95.600000 1.000493
95.800000 1.000921
96.000000 1.001405
96.200000 1.000996
96.400000 1.000572
96.600000 1.000897
96.800000 1.001267
97.000000 1.000996
97.200000 1.000710
97.400000 1.000906
97.600000 1.001133
97.800000 1.000976
98.000000 1.000813
98.200000 1.000918
98.400000 1.001045
98.600000 1.000968
98.800000 1.000883
99.000000 1.000925
99.200000 1.000992
99.400000 1.000968
99.600000 1.000914
99.800000 1.000914
