0.000000 1.001404
0.200000 1.001404
0.400000 1.001570
0.600000 1.001592
0.800000 1.001417
1.000000 1.001376
1.200000 1.001560
1.400000 1.001625
1.600000 1.001414
1.800000 1.001329
2.000000 1.001562
2.200000 1.001685
2.400000 1.001413
2.600000 1.001272
2.800000 1.001576
3.000000 1.001767
3.200000 1.001418
3.400000 1.001213
3.600000 1.001598
3.800000 1.001855
4.000000 1.001420
4.200000 1.001145
4.400000 1.001592
4.600000 1.001905
4.800000 1.001441
5.000000 1.001155
5.200000 1.001600
5.400000 1.001884
5.600000 1.001456
5.800000 1.001247
6.000000 1.001597
6.200000 1.001746
6.400000 1.001475
6.600000 1.001483
6.800000 1.001629
7.000000 1.001510
7.200000 1.001473
7.400000 1.001777
7.600000 1.001659
7.800000 1.001258
8.000000 1.001479
8.200000 1.002013
8.400000 1.001679
8.600000 1.001160
8.800000 1.001518
9.000000 1.002017
9.200000 1.001660
9.400000 1.001363
9.600000 1.001616
9.800000 1.001722
10.000000 1.001584
10.200000 1.001797
10.400000 1.001760
10.600000 1.001341
10.800000 1.001490
11.000000 1.002115
11.200000 1.001868
11.400000 1.001289
11.600000 1.001511
11.800000 1.001973
12.000000 1.001813
12.200000 1.001715
12.400000 1.001741
12.600000 1.001521
12.800000 1.001577
13.000000 1.002143
13.200000 1.002033
13.400000 1.001420
13.600000 1.001470
13.800000 1.001979
14.000000 1.001993
14.200000 1.001912
14.400000 1.001830
14.600000 1.001539
14.800000 1.001582
15.000000 1.002215
15.200000 1.002274
15.400000 1.001716
15.600000 1.001522
15.800000 1.001793
16.000000 1.002000
16.200000 1.002270
16.400000 1.002197
16.600000 1.001638
16.800000 1.001443
17.000000 1.002025
17.200000 1.002404
17.400000 1.002292
17.600000 1.001973
17.800000 1.001627
18.000000 1.001608
18.200000 1.002255
18.400000 1.002677
18.600000 1.002340
18.800000 1.001800
19.000000 1.001636
19.200000 1.001841
19.400000 1.002454
19.600000 1.002828
19.800000 1.002429
20.000000 1.001760
20.200000 1.001641
20.400000 1.001998
20.600000 1.002614
20.800000 1.002977
21.000000 1.002603
21.200000 1.001850
21.400000 1.001631
21.600000 1.002006
21.800000 1.002670
22.000000 1.003164
22.200000 1.002949
22.400000 1.002149
22.600000 1.001678
22.800000 1.001871
23.000000 1.002539
23.200000 1.003288
23.400000 1.003407
23.600000 1.002701
23.800000 1.001915
24.000000 1.001651
24.200000 1.002084
24.400000 1.003089
24.600000 1.003802
24.800000 1.003564
25.000000 1.002709
25.200000 1.001824
25.400000 1.001539
25.600000 1.002337
25.800000 1.003560
26.000000 1.004262
26.200000 1.004045
26.400000 1.002916
26.600000 1.001618
26.800000 1.001329
27.000000 1.002126
27.200000 1.003604
27.400000 1.004867
27.600000 1.004889
27.800000 1.003665
28.000000 1.002153
28.200000 1.001146
28.400000 1.001596
28.600000 1.003267
28.800000 1.005010
29.000000 1.005839
29.200000 1.005144
29.400000 1.003091
29.600000 1.001211
29.800000 1.000354
30.000000 1.001239
30.200000 1.003460
30.400000 1.005759
30.600000 1.006848
30.800000 1.006254
31.000000 1.004021
31.200000 1.001701
31.400000 1.000365
31.600000 1.000912
31.800000 1.003312
32.000000 1.006513
32.200000 1.009134
32.400000 1.010278
32.600000 1.009349
32.800000 1.007496
33.000000 1.005747
33.200000 1.005568
33.400000 1.007650
33.600000 1.011617
33.800000 1.016371
34.000000 1.020204
34.200000 1.021560
34.400000 1.020220
34.600000 1.016648
34.800000 1.012628
35.000000 1.009775
35.200000 1.009287
35.400000 1.011951
35.600000 1.017375
35.800000 1.024894
36.000000 1.032915
36.200000 1.039938
36.400000 1.044877
36.600000 1.047205
36.800000 1.047098
37.000000 1.045098
37.200000 1.041611
37.400000 1.037024
37.600000 1.031043
37.800000 1.024021
38.000000 1.016354
38.200000 1.009292
38.400000 1.004568
38.600000 1.004507
38.800000 1.012209
39.000000 1.030803
39.200000 1.062131
39.400000 1.101178
39.600000 1.134606
39.800000 1.144797
40.000000 1.125913
40.200000 1.087150
40.400000 1.044731
40.600000 1.008765
40.800000 0.982751
41.000000 0.964756
41.200000 0.953005
41.400000 0.944845
41.600000 0.939584
41.800000 0.936835
42.000000 0.938579
42.200000 0.950177
42.400000 0.985259
42.600000 1.064961
42.800000 1.196355
43.000000 1.322930
43.200000 1.346803
43.400000 1.254961
43.600000 1.130292
43.800000 1.036303
44.000000 0.981625
44.200000 0.952739
44.400000 0.937125
44.600000 0.927548
44.800000 0.920658
45.000000 0.914713
45.200000 0.909093
45.400000 0.903512
45.600000 0.897822
45.800000 0.891927
46.000000 0.885902
46.200000 0.879795
46.400000 0.873571
46.600000 0.867154
46.800000 0.860660
47.000000 0.854106
47.200000 0.847414
47.400000 0.840607
47.600000 0.833744
47.800000 0.826873
48.000000 0.820065
48.200000 0.813706
48.400000 0.812957
48.600000 0.861000
48.800000 1.146838
49.000000 1.889011
49.200000 2.453715
49.400000 2.134477
49.600000 1.563171
49.800000 1.339489
50.000000 1.532442
50.200000 2.085374
50.400000 2.448720
50.600000 1.942332
50.800000 1.185140
51.000000 0.871905
51.200000 0.815416
51.400000 0.814848
51.600000 0.821007
51.800000 0.827739
52.000000 0.834540
52.200000 0.841343
52.400000 0.848088
52.600000 0.854728
52.800000 0.861229
53.000000 0.867673
53.200000 0.874034
53.400000 0.880220
53.600000 0.886270
53.800000 0.892256
54.000000 0.898095
54.200000 0.903769
54.400000 0.909296
54.600000 0.914908
54.800000 0.920799
55.000000 0.927682
55.200000 0.937148
55.400000 0.952656
55.600000 0.981176
55.800000 1.035252
56.000000 1.128217
56.200000 1.252211
56.400000 1.344816
56.600000 1.323299
56.800000 1.198303
57.000000 1.066872
57.200000 0.986363
57.400000 0.950800
57.600000 0.938813
57.800000 0.937122
58.000000 0.939700
58.200000 0.945233
58.400000 0.953255
58.600000 0.965360
58.800000 0.983132
59.000000 1.009315
59.200000 1.044656
59.400000 1.086715
59.600000 1.124592
59.800000 1.143572
60.000000 1.133740
60.200000 1.101544
60.400000 1.063048
60.600000 1.032185
60.800000 1.013229
61.000000 1.005206
61.200000 1.004666
61.400000 1.008925
61.600000 1.015747
61.800000 1.023317
62.000000 1.030691
62.200000 1.036918
62.400000 1.041880
62.600000 1.045301
62.800000 1.047072
63.000000 1.046761
63.200000 1.044137
63.400000 1.039266
63.600000 1.032632
63.800000 1.025175
64.000000 1.018217
64.200000 1.012885
64.400000 1.010132
64.600000 1.009988
64.800000 1.012214
65.000000 1.015715
65.200000 1.019028
65.400000 1.020802
65.600000 1.019967
65.800000 1.016885
66.000000 1.012516
66.200000 1.008444
66.400000 1.005985
66.600000 1.005538
66.800000 1.006726
67.000000 1.008585
67.200000 1.009563
67.400000 1.009124
67.600000 1.006924
67.800000 1.003974
68.000000 1.001512
68.200000 1.000500
68.400000 1.001298
68.600000 1.003456
68.800000 1.005497
69.000000 1.006638
69.200000 1.005936
69.400000 1.003935
69.600000 1.001808
69.800000 1.000564
70.000000 1.000920
70.200000 1.002676
70.400000 1.004516
70.600000 1.005646
70.800000 1.005221
71.000000 1.003630
71.200000 1.002000
71.400000 1.001267
71.600000 1.001772
71.800000 1.003310
72.000000 1.004526
72.200000 1.004797
72.400000 1.003936
72.600000 1.002436
72.800000 1.001426
73.000000 1.001577
73.200000 1.002512
73.400000 1.003733
73.600000 1.004256
73.800000 1.003669
74.000000 1.002583
74.200000 1.001751
74.400000 1.001640
74.600000 1.002457
74.800000 1.003388
75.000000 1.003671
75.200000 1.003246
75.400000 1.002353
75.600000 1.001648
75.800000 1.001811
76.000000 1.002533
76.200000 1.003149
76.400000 1.003311
76.600000 1.002768
76.800000 1.001945
77.000000 1.001672
77.200000 1.002056
77.400000 1.002654
77.600000 1.003088
77.800000 1.002861
78.000000 1.002107
78.200000 1.001644
78.400000 1.001825
78.600000 1.002324
78.800000 1.002831
79.000000 1.002800
79.200000 1.002135
79.400000 1.001604
79.600000 1.001757
79.800000 1.002208
80.000000 1.002636
80.200000 1.002639
80.400000 1.002048
80.600000 1.001509
80.800000 1.001740
81.000000 1.002238
81.200000 1.002496
81.400000 1.002386
81.600000 1.001898
81.800000 1.001435
82.000000 1.001765
82.200000 1.002338
82.400000 1.002362
82.600000 1.002006
82.800000 1.001721
83.000000 1.001511
83.200000 1.001830
83.400000 1.002370
83.600000 1.002236
83.800000 1.001616
84.000000 1.001553
84.200000 1.001787
84.400000 1.001968
84.600000 1.002150
84.800000 1.002021
85.000000 1.001430
85.200000 1.001461
85.400000 1.002055
85.600000 1.002126
85.800000 1.001708
86.000000 1.001645
86.200000 1.001608
86.400000 1.001614
86.600000 1.001982
86.800000 1.002089
87.000000 1.001452
87.200000 1.001312
87.400000 1.001884
87.600000 1.002014
87.800000 1.001606
88.000000 1.001598
88.200000 1.001631
88.400000 1.001524
88.600000 1.001767
88.800000 1.002004
89.000000 1.001478
89.200000 1.001207
89.400000 1.001785
89.600000 1.002047
89.800000 1.001476
90.000000 1.001329
90.200000 1.001694
90.400000 1.001718
90.600000 1.001540
90.800000 1.001682
91.000000 1.001584
91.200000 1.001327
91.400000 1.001587
91.600000 1.001947
91.800000 1.001514
92.000000 1.001133
92.200000 1.001596
92.400000 1.001974
92.600000 1.001488
92.800000 1.001185
93.000000 1.001583
93.200000 1.001805
93.400000 1.001470
93.600000 1.001372
93.800000 1.001568
94.000000 1.001560
94.200000 1.001441
94.400000 1.001572
94.600000 1.001574
94.800000 1.001364
95.000000 1.001419
95.200000 1.001723
95.400000 1.001589
95.600000 1.001230
95.800000 1.001377
96.000000 1.001790
96.200000 1.001608
96.400000 1.001177
96.600000 1.001350
96.800000 1.001807
97.000000 1.001624
97.200000 1.001158
97.400000 1.001308
97.600000 1.001779
97.800000 1.001642
98.000000 1.001178
98.200000 1.001284
98.400000 1.001749
98.600000 1.001670
98.800000 1.001218
99.000000 1.001267
99.200000 1.001713
99.400000 1.001684
99.600000 1.001237
99.800000 1.001237
