0.000000 1.009114
0.200000 1.009114
0.400000 1.008598
0.600000 1.009073
0.800000 1.010427
1.000000 1.011297
1.200000 1.011855
1.400000 1.013145
1.600000 1.014334
1.800000 1.015089
2.000000 1.016696
2.200000 1.018889
2.400000 1.019447
2.600000 1.019809
2.800000 1.022546
3.000000 1.026411
3.200000 1.028768
3.400000 1.030868
3.600000 1.033458
3.800000 1.036001
4.000000 1.038737
4.200000 1.041621
4.400000 1.041775
4.600000 1.039466
4.800000 1.037530
5.000000 1.037737
5.200000 1.040310
5.400000 1.045910
5.600000 1.053142
5.800000 1.060743
6.000000 1.069107
6.200000 1.078026
6.400000 1.084225
6.600000 1.085428
6.800000 1.079239
7.000000 1.065646
7.200000 1.049715
7.400000 1.035605
7.600000 1.027977
7.800000 1.030885
8.000000 1.046267
8.200000 1.075139
8.400000 1.113737
8.600000 1.150369
8.800000 1.171218
9.000000 1.166648
9.200000 1.141147
9.400000 1.105280
9.600000 1.070105
9.800000 1.040506
10.000000 1.018263
10.200000 1.002688
10.400000 0.993975
10.600000 0.993729
10.800000 1.007872
11.000000 1.047718
11.200000 1.125128
11.400000 1.230351
11.600000 1.312900
11.800000 1.319305
12.000000 1.255309
12.200000 1.170487
12.400000 1.101622
12.600000 1.057112
12.800000 1.031465
13.000000 1.017435
13.200000 1.009868
13.400000 1.005751
13.600000 1.003461
13.800000 1.002153
14.000000 1.001390
14.200000 1.000939
14.400000 1.000672
14.600000 1.000515
14.800000 1.000421
15.000000 1.000362
15.200000 1.000319
15.400000 1.000283
15.600000 1.000247
15.800000 1.000213
16.000000 1.000182
16.200000 1.000158
16.400000 1.000142
16.600000 1.000133
16.800000 1.000129
17.000000 1.000128
17.200000 1.000127
17.400000 1.000125
17.600000 1.000123
17.800000 1.000121
18.000000 1.000119
18.200000 1.000118
18.400000 1.000117
18.600000 1.000115
18.800000 1.000113
19.000000 1.000110
19.200000 1.000109
19.400000 1.000108
19.600000 1.000109
19.800000 1.000110
20.000000 1.000110
20.200000 1.000109
20.400000 1.000107
20.600000 1.000105
20.800000 1.000104
21.000000 1.000104
21.200000 1.000105
21.400000 1.000106
21.600000 1.000106
21.800000 1.000105
22.000000 1.000104
22.200000 1.000102
22.400000 1.000101
22.600000 1.000101
22.800000 1.000102
23.000000 1.000103
23.200000 1.000103
23.400000 1.000103
23.600000 1.000102
23.800000 1.000100
24.000000 1.000099
24.200000 1.000098
24.400000 1.000099
24.600000 1.000099
24.800000 1.000100
25.000000 1.000099
25.200000 1.000098
25.400000 1.000096
25.600000 1.000095
25.800000 1.000093
26.000000 1.000093
26.200000 1.000093
26.400000 1.000094
26.600000 1.000093
26.800000 1.000092
27.000000 1.000090
27.200000 1.000088
27.400000 1.000087
27.600000 1.000086
27.800000 1.000086
28.000000 1.000086
28.200000 1.000087
28.400000 1.000086
28.600000 1.000085
28.800000 1.000083
29.000000 1.000081
29.200000 1.000080
29.400000 1.000079
29.600000 1.000079
29.800000 1.000080
30.000000 1.000080
30.200000 1.000079
30.400000 1.000078
30.600000 1.000076
30.800000 1.000074
31.000000 1.000073
31.200000 1.000072
31.400000 1.000073
31.600000 1.000073
31.800000 1.000074
32.000000 1.000073
32.200000 1.000072
32.400000 1.000071
32.600000 1.000069
32.800000 1.000067
33.000000 1.000067
33.200000 1.000067
33.400000 1.000067
33.600000 1.000067
33.800000 1.000068
34.000000 1.000067
34.200000 1.000066
34.400000 1.000064
34.600000 1.000062
34.800000 1.000061
35.000000 1.000061
35.200000 1.000061
35.400000 1.000062
35.600000 1.000062
35.800000 1.000062
36.000000 1.000061
36.200000 1.000060
36.400000 1.000058
36.600000 1.000057
36.800000 1.000056
37.000000 1.000056
37.200000 1.000056
37.400000 1.000057
37.600000 1.000057
37.800000 1.000057
38.000000 1.000056
38.200000 1.000056
38.400000 1.000054
38.600000 1.000053
38.800000 1.000052
39.000000 1.000052
39.200000 1.000052
39.400000 1.000052
39.600000 1.000052
39.800000 1.000053
40.000000 1.000052
40.200000 1.000052
40.400000 1.000051
40.600000 1.000050
40.800000 1.000049
41.000000 1.000048
41.200000 1.000048
41.400000 1.000048
41.600000 1.000048
41.800000 1.000048
42.000000 1.000048
42.200000 1.000048
42.400000 1.000048
42.600000 1.000047
42.800000 1.000047
43.000000 1.000046
43.200000 1.000045
43.400000 1.000045
43.600000 1.000045
43.800000 1.000045
44.000000 1.000045
44.200000 1.000046
44.400000 1.000046
44.600000 1.000045
44.800000 1.000045
45.000000 1.000044
45.200000 1.000044
45.400000 1.000043
45.600000 1.000043
45.800000 1.000043
46.000000 1.000043
46.200000 1.000043
46.400000 1.000043
46.600000 1.000043
46.800000 1.000044
47.000000 1.000044
47.200000 1.000044
47.400000 1.000043
47.600000 1.000043
47.800000 1.000042
48.000000 1.000042
48.200000 1.000041
48.400000 1.000041
48.600000 1.000041
48.800000 1.000041
49.000000 1.000042
49.200000 1.000042
49.400000 1.000042
49.600000 1.000042
49.800000 1.000043
50.000000 1.000043
50.200000 1.000043
50.400000 1.000042
50.600000 1.000042
50.800000 1.000042
51.000000 1.000042
51.200000 1.000041
51.400000 1.000041
51.600000 1.000041
51.800000 1.000041
52.000000 1.000042
52.200000 1.000042
52.400000 1.000043
52.600000 1.000043
52.800000 1.000044
53.000000 1.000044
53.200000 1.000044
53.400000 1.000043
53.600000 1.000043
53.800000 1.000043
54.000000 1.000043
54.200000 1.000043
54.400000 1.000043
54.600000 1.000043
54.800000 1.000044
55.000000 1.000044
55.200000 1.000045
55.400000 1.000045
55.600000 1.000046
55.800000 1.000046
56.000000 1.000045
56.200000 1.000045
56.400000 1.000045
56.600000 1.000045
56.800000 1.000045
57.000000 1.000046
57.200000 1.000047
57.400000 1.000047
57.600000 1.000048
57.800000 1.000048
58.000000 1.000048
58.200000 1.000048
58.400000 1.000048
58.600000 1.000048
58.800000 1.000048
59.000000 1.000048
59.200000 1.000049
59.400000 1.000050
59.600000 1.000051
59.800000 1.000052
60.000000 1.000052
60.200000 1.000053
60.400000 1.000052
60.600000 1.000052
60.800000 1.000052
61.000000 1.000052
61.200000 1.000052
61.400000 1.000053
61.600000 1.000054
61.800000 1.000056
62.000000 1.000056
62.200000 1.000057
62.400000 1.000057
62.600000 1.000057
62.800000 1.000056
63.000000 1.000056
63.200000 1.000056
63.400000 1.000057
63.600000 1.000058
63.800000 1.000060
64.000000 1.000061
64.200000 1.000062
64.400000 1.000062
64.600000 1.000062
64.800000 1.000061
65.000000 1.000061
65.200000 1.000061
65.400000 1.000062
65.600000 1.000064
65.800000 1.000066
66.000000 1.000067
66.200000 1.000068
66.400000 1.000067
66.600000 1.000067
66.800000 1.000067
67.000000 1.000067
67.200000 1.000067
67.400000 1.000069
67.600000 1.000071
67.800000 1.000072
68.000000 1.000073
68.200000 1.000074
68.400000 1.000073
68.600000 1.000073
68.800000 1.000072
69.000000 1.000073
69.200000 1.000074
69.400000 1.000076
69.600000 1.000078
69.800000 1.000079
70.000000 1.000080
70.200000 1.000080
70.400000 1.000079
70.600000 1.000079
70.800000 1.000080
71.000000 1.000081
71.200000 1.000083
71.400000 1.000085
71.600000 1.000086
71.800000 1.000087
72.000000 1.000086
72.200000 1.000086
72.400000 1.000086
72.600000 1.000087
72.800000 1.000088
73.000000 1.000090
73.200000 1.000092
73.400000 1.000093
73.600000 1.000094
73.800000 1.000093
74.000000 1.000093
74.200000 1.000093
74.400000 1.000095
74.600000 1.000096
74.800000 1.000098
75.000000 1.000099
75.200000 1.000100
75.400000 1.000099
75.600000 1.000099
75.800000 1.000098
76.000000 1.000099
76.200000 1.000100
76.400000 1.000102
76.600000 1.000103
76.800000 1.000103
77.000000 1.000103
77.200000 1.000102
77.400000 1.000101
77.600000 1.000101
77.800000 1.000102
78.000000 1.000104
78.200000 1.000105
78.400000 1.000106
78.600000 1.000106
78.800000 1.000105
79.000000 1.000104
79.200000 1.000104
79.400000 1.000105
79.600000 1.000107
79.800000 1.000109
80.000000 1.000110
80.200000 1.000110
80.400000 1.000109
80.600000 1.000108
80.800000 1.000109
81.000000 1.000111
81.200000 1.000113
81.400000 1.000116
81.600000 1.000118
81.800000 1.000119
82.000000 1.000121
82.200000 1.000123
82.400000 1.000126
82.600000 1.000130
82.800000 1.000133
83.000000 1.000136
83.200000 1.000140
83.400000 1.000148
83.600000 1.000163
83.800000 1.000187
84.000000 1.000222
84.200000 1.000267
84.400000 1.000321
84.600000 1.000384
84.800000 1.000462
85.000000 1.000565
85.200000 1.000719
85.400000 1.000965
85.600000 1.001377
85.800000 1.002089
86.000000 1.003342
86.200000 1.005588
86.400000 1.009686
86.600000 1.017261
86.800000 1.031306
87.000000 1.056916
87.200000 1.101239
87.400000 1.169702
87.600000 1.254079
87.800000 1.318164
88.000000 1.312783
88.200000 1.231552
88.400000 1.126906
88.600000 1.049303
88.800000 1.008925
89.000000 0.994309
89.200000 0.994014
89.400000 1.002421
89.600000 1.017569
89.800000 1.039870
90.000000 1.069362
90.200000 1.105013
90.400000 1.140732
90.600000 1.166557
90.800000 1.170595
91.000000 1.150418
91.200000 1.113883
91.400000 1.076282
91.600000 1.047546
91.800000 1.031778
92.000000 1.028609
92.200000 1.035139
92.400000 1.048692
92.600000 1.064946
92.800000 1.078234
93.000000 1.085616
93.200000 1.084841
93.400000 1.078051
93.600000 1.069483
93.800000 1.060568
94.000000 1.052749
94.200000 1.046324
94.400000 1.040966
94.600000 1.037555
94.800000 1.037546
95.000000 1.039319
95.200000 1.040975
95.400000 1.041454
95.600000 1.039738
95.800000 1.035855
96.000000 1.032931
96.200000 1.031281
96.400000 1.028898
96.600000 1.025725
96.800000 1.023209
97.000000 1.020606
97.200000 1.018530
97.400000 1.018123
97.600000 1.017719
97.800000 1.015243
98.000000 1.012968
98.200000 1.012602
98.400000 1.012193
98.600000 1.010365
98.800000 1.008849
99.000000 1.008383
99.200000 1.007975
99.400000 1.007339
99.600000 1.007020
99.800000 1.007020
