0.000000 1.001123
0.200000 1.001123
0.400000 1.001092
0.600000 1.001105
0.800000 1.001121
1.000000 1.001091
1.200000 1.001088
1.400000 1.001144
1.600000 1.001115
1.800000 1.001048
2.000000 1.001114
2.200000 1.001227
2.400000 1.001096
2.600000 1.000954
2.800000 1.001131
3.000000 1.001341
3.200000 1.001077
3.400000 1.000827
3.600000 1.001147
3.800000 1.001484
4.000000 1.001082
4.200000 1.000715
4.400000 1.001151
4.600000 1.001582
4.800000 1.001093
5.000000 1.000686
5.200000 1.001158
5.400000 1.001555
5.600000 1.001094
5.800000 1.000822
6.000000 1.001180
6.200000 1.001330
6.400000 1.001062
6.600000 1.001142
6.800000 1.001227
7.000000 1.000967
7.200000 1.001027
7.400000 1.001538
7.600000 1.001304
7.800000 1.000699
8.000000 1.001005
8.200000 1.001677
8.400000 1.001317
8.600000 1.000801
8.800000 1.001061
9.000000 1.001352
9.200000 1.001195
9.400000 1.001303
9.600000 1.001278
9.800000 1.000855
10.000000 1.000968
10.200000 1.001671
10.400000 1.001509
10.600000 1.000839
10.800000 1.000920
11.000000 1.001380
11.200000 1.001380
11.400000 1.001398
11.600000 1.001315
11.800000 1.000881
12.000000 1.000905
12.200000 1.001626
12.400000 1.001715
12.600000 1.001132
12.800000 1.000900
13.000000 1.001076
13.200000 1.001289
13.400000 1.001689
13.600000 1.001684
13.800000 1.001005
14.000000 1.000687
14.200000 1.001235
14.400000 1.001721
14.600000 1.001750
14.800000 1.001454
15.000000 1.000907
15.200000 1.000705
15.400000 1.001356
15.600000 1.001999
15.800000 1.001855
16.000000 1.001294
16.200000 1.000814
16.400000 1.000758
16.600000 1.001416
16.800000 1.002149
17.000000 1.002032
17.200000 1.001322
17.400000 1.000757
17.600000 1.000704
17.800000 1.001323
18.000000 1.002199
18.200000 1.002336
18.400000 1.001669
18.600000 1.000885
18.800000 1.000530
19.000000 1.000921
19.200000 1.001946
19.400000 1.002558
19.600000 1.002259
19.800000 1.001383
20.000000 1.000521
20.200000 1.000325
20.400000 1.001257
20.600000 1.002461
20.800000 1.003069
21.000000 1.002689
21.200000 1.001445
21.400000 1.000144
21.600000 0.999989
21.800000 1.000882
22.000000 1.002339
22.200000 1.003381
22.400000 1.003072
22.600000 1.001522
22.800000 0.999961
23.000000 0.999154
23.200000 1.000002
23.400000 1.002069
23.600000 1.004041
23.800000 1.004811
24.000000 1.003970
24.200000 1.001830
24.400000 1.000181
24.600000 0.999967
24.800000 1.001772
25.000000 1.005113
25.200000 1.008418
25.400000 1.010287
25.600000 1.010322
25.800000 1.008713
26.000000 1.007249
26.200000 1.007145
26.400000 1.009089
26.600000 1.012824
26.800000 1.016703
27.000000 1.019160
27.200000 1.019153
27.400000 1.016696
27.600000 1.013462
27.800000 1.011276
28.000000 1.011880
28.200000 1.016332
28.400000 1.023957
28.600000 1.033421
28.800000 1.041861
29.000000 1.046968
29.200000 1.047389
29.400000 1.043552
29.600000 1.037249
29.800000 1.030372
30.000000 1.024290
30.200000 1.019697
30.400000 1.016546
30.600000 1.015181
30.800000 1.016097
31.000000 1.020840
31.200000 1.031463
31.400000 1.049585
31.600000 1.074667
31.800000 1.100843
32.000000 1.118504
32.200000 1.118322
32.400000 1.099712
32.600000 1.069344
32.800000 1.037139
33.000000 1.008898
33.200000 0.987319
33.400000 0.971553
33.600000 0.961038
33.800000 0.954766
34.000000 0.954093
34.200000 0.962758
34.400000 0.990505
34.600000 1.051680
34.800000 1.151559
35.000000 1.255084
35.200000 1.293841
35.400000 1.242362
35.600000 1.147583
35.800000 1.062960
36.000000 1.006949
36.200000 0.974534
36.400000 0.956429
36.600000 0.945761
36.800000 0.938752
37.000000 0.933448
37.200000 0.928972
37.400000 0.924782
37.600000 0.920688
37.800000 0.916559
38.000000 0.912400
38.200000 0.908195
38.400000 0.903971
38.600000 0.900012
38.800000 0.897660
39.000000 0.903199
39.200000 0.942633
39.400000 1.090539
39.600000 1.422523
39.800000 1.760671
40.000000 1.758273
40.200000 1.482982
40.400000 1.230429
40.600000 1.094671
40.800000 1.036655
41.000000 1.014043
41.200000 1.005475
41.400000 1.002233
41.600000 1.000992
41.800000 1.000509
42.000000 1.000317
42.200000 1.000239
42.400000 1.000207
42.600000 1.000193
42.800000 1.000185
43.000000 1.000180
43.200000 1.000176
43.400000 1.000172
43.600000 1.000170
43.800000 1.000170
44.000000 1.000171
44.200000 1.000173
44.400000 1.000174
44.600000 1.000174
44.800000 1.000173
45.000000 1.000171
45.200000 1.000169
45.400000 1.000169
45.600000 1.000169
45.800000 1.000171
46.000000 1.000173
46.200000 1.000175
46.400000 1.000175
46.600000 1.000175
46.800000 1.000174
47.000000 1.000172
47.200000 1.000172
47.400000 1.000173
47.600000 1.000174
47.800000 1.000176
48.000000 1.000178
48.200000 1.000179
48.400000 1.000179
48.600000 1.000178
48.800000 1.000177
49.000000 1.000177
49.200000 1.000177
49.400000 1.000179
49.600000 1.000180
49.800000 1.000182
50.000000 1.000182
50.200000 1.000182
50.400000 1.000180
50.600000 1.000179
50.800000 1.000177
51.000000 1.000177
51.200000 1.000177
51.400000 1.000178
51.600000 1.000179
51.800000 1.000179
52.000000 1.000178
52.200000 1.000176
52.400000 1.000174
52.600000 1.000173
52.800000 1.000172
53.000000 1.000172
53.200000 1.000174
53.400000 1.000175
53.600000 1.000175
53.800000 1.000175
54.000000 1.000173
54.200000 1.000171
54.400000 1.000169
54.600000 1.000169
54.800000 1.000169
55.000000 1.000171
55.200000 1.000173
55.400000 1.000174
55.600000 1.000174
55.800000 1.000173
56.000000 1.000172
56.200000 1.000171
56.400000 1.000172
56.600000 1.000175
56.800000 1.000181
57.000000 1.000191
57.200000 1.000207
57.400000 1.000240
57.600000 1.000316
57.800000 1.000502
58.000000 1.000970
58.200000 1.002173
58.400000 1.005315
58.600000 1.013608
58.800000 1.035472
59.000000 1.091586
59.200000 1.223346
59.400000 1.471010
59.600000 1.748570
59.800000 1.765058
60.000000 1.436008
60.200000 1.099748
60.400000 0.946155
60.600000 0.904334
60.800000 0.898132
61.000000 0.900317
61.200000 0.904227
61.400000 0.908431
61.600000 0.912617
61.800000 0.916766
62.000000 0.920871
62.200000 0.924956
62.400000 0.929109
62.600000 0.933576
62.800000 0.938819
63.000000 0.945810
63.200000 0.956365
63.400000 0.974371
63.600000 1.006480
63.800000 1.062106
64.000000 1.146146
64.200000 1.240771
64.400000 1.292872
64.600000 1.255467
64.800000 1.152729
65.000000 1.052944
65.200000 0.991406
65.400000 0.963562
65.600000 0.954719
65.800000 0.955583
66.000000 0.961693
66.200000 0.972382
66.400000 0.987706
66.600000 1.009140
66.800000 1.036537
67.000000 1.068408
67.200000 1.098246
67.400000 1.117435
67.600000 1.118239
67.800000 1.101638
68.000000 1.075615
68.200000 1.050464
68.400000 1.031729
68.600000 1.020706
68.800000 1.015776
69.000000 1.014910
69.200000 1.016684
69.400000 1.020065
69.600000 1.024873
69.800000 1.030703
70.000000 1.037075
70.200000 1.042824
70.400000 1.046291
70.600000 1.046077
70.800000 1.041633
71.000000 1.033907
71.200000 1.025124
71.400000 1.017369
71.600000 1.012643
71.800000 1.011233
72.000000 1.012753
72.200000 1.015742
72.400000 1.018212
72.600000 1.018886
72.800000 1.017058
73.000000 1.013535
73.200000 1.009919
73.400000 1.007446
73.600000 1.006998
73.800000 1.008141
74.000000 1.009480
74.200000 1.009994
74.400000 1.008537
74.600000 1.005636
74.800000 1.002473
75.000000 1.000278
75.200000 0.999983
75.400000 1.001420
75.600000 1.003251
75.800000 1.004560
76.000000 1.004195
76.200000 1.002454
76.400000 1.000502
76.600000 0.999366
76.800000 0.999632
77.000000 1.001194
77.200000 1.002650
77.400000 1.003263
77.600000 1.002652
77.800000 1.001222
78.000000 1.000130
78.200000 1.000182
78.400000 1.001064
78.600000 1.002364
78.800000 1.003041
79.000000 1.002567
79.200000 1.001480
79.400000 1.000601
79.600000 1.000375
79.800000 1.001125
80.000000 1.002101
80.200000 1.002447
80.400000 1.002053
80.600000 1.001251
80.800000 1.000552
81.000000 1.000722
81.200000 1.001525
81.400000 1.002139
81.600000 1.002175
81.800000 1.001638
82.000000 1.000822
82.200000 1.000616
82.400000 1.001212
82.600000 1.001858
82.800000 1.002038
83.000000 1.001694
83.200000 1.000958
83.400000 1.000622
83.600000 1.001153
83.800000 1.001795
84.000000 1.001878
84.200000 1.001541
84.400000 1.000984
84.600000 1.000676
84.800000 1.001188
85.000000 1.001845
85.200000 1.001733
85.400000 1.001225
85.600000 1.000942
85.800000 1.000877
86.000000 1.001280
86.200000 1.001823
86.400000 1.001590
86.600000 1.000884
86.800000 1.000871
87.000000 1.001246
87.200000 1.001425
87.400000 1.001535
87.600000 1.001388
87.800000 1.000805
88.000000 1.000851
88.200000 1.001547
88.400000 1.001627
88.600000 1.001077
88.800000 1.001006
89.000000 1.001113
89.200000 1.001122
89.400000 1.001407
89.600000 1.001542
89.800000 1.000907
90.000000 1.000711
90.200000 1.001393
90.400000 1.001608
90.600000 1.001014
90.800000 1.000924
91.000000 1.001208
91.200000 1.001170
91.400000 1.001177
91.600000 1.001408
91.800000 1.001073
92.000000 1.000752
92.200000 1.001248
92.400000 1.001642
92.600000 1.001017
92.800000 1.000669
93.000000 1.001227
93.200000 1.001510
93.400000 1.001028
93.600000 1.000902
93.800000 1.001197
94.000000 1.001204
94.200000 1.001047
94.400000 1.001208
94.600000 1.001177
94.800000 1.000913
95.000000 1.001038
95.200000 1.001425
95.400000 1.001188
95.600000 1.000752
95.800000 1.001011
96.000000 1.001505
96.200000 1.001207
96.400000 1.000711
96.600000 1.000976
96.800000 1.001482
97.000000 1.001223
97.200000 1.000748
97.400000 1.000965
97.600000 1.001435
97.800000 1.001241
98.000000 1.000801
98.200000 1.000940
98.400000 1.001364
98.600000 1.001250
98.800000 1.000851
99.000000 1.000926
99.200000 1.001323
99.400000 1.001281
99.600000 1.000889
99.800000 1.000889
