0.000000 1.000460
0.200000 1.000460
0.400000 1.000836
0.600000 1.000853
0.800000 1.000500
1.000000 1.000469
1.200000 1.000793
1.400000 1.000797
1.600000 1.000552
1.800000 1.000580
2.000000 1.000756
2.200000 1.000613
2.400000 1.000586
2.600000 1.000834
2.800000 1.000737
3.000000 1.000290
3.200000 1.000594
3.400000 1.001180
3.600000 1.000762
3.800000 1.000002
4.000000 1.000566
4.200000 1.001323
4.400000 1.000809
4.600000 1.000106
4.800000 1.000555
5.000000 1.000910
5.200000 1.000731
5.400000 1.000745
5.600000 1.000746
5.800000 1.000168
6.000000 1.000388
6.200000 1.001291
6.400000 1.001216
6.600000 1.000214
6.800000 1.000190
7.000000 1.000723
7.200000 1.000999
7.400000 1.001064
7.600000 1.000877
7.800000 0.999951
8.000000 0.999734
8.200000 1.000619
8.400000 1.001348
8.600000 1.001007
8.800000 1.000490
9.000000 0.999988
9.200000 1.000157
9.400000 1.001302
9.600000 1.002612
9.800000 1.002621
10.000000 1.002006
10.200000 1.001624
10.400000 1.002147
10.600000 1.003727
10.800000 1.005966
11.000000 1.007250
11.200000 1.007438
11.400000 1.007317
11.600000 1.007804
11.800000 1.009446
12.000000 1.012367
12.200000 1.015005
12.400000 1.016150
12.600000 1.015823
12.800000 1.014713
13.000000 1.014301
13.200000 1.016149
13.400000 1.019909
13.600000 1.024322
13.800000 1.028185
14.000000 1.030106
14.200000 1.030938
14.400000 1.032279
14.600000 1.034905
14.800000 1.038856
15.000000 1.042223
15.200000 1.042334
15.400000 1.038799
15.600000 1.032160
15.800000 1.025773
16.000000 1.023033
16.200000 1.026423
16.400000 1.037449
16.600000 1.054722
16.800000 1.074410
17.000000 1.090691
17.200000 1.097818
17.400000 1.094166
17.600000 1.081664
17.800000 1.064781
18.000000 1.047339
18.200000 1.031422
18.400000 1.018418
18.600000 1.008699
18.800000 1.004324
19.000000 1.007962
19.200000 1.025607
19.400000 1.063101
19.600000 1.121015
19.800000 1.182064
20.000000 1.214898
20.200000 1.199810
20.400000 1.149319
20.600000 1.090673
20.800000 1.042506
21.000000 1.009043
21.200000 0.987720
21.400000 0.974318
21.600000 0.965787
21.800000 0.960176
22.000000 0.956926
22.200000 0.957013
22.400000 0.964916
22.600000 0.992894
22.800000 1.065117
23.000000 1.201518
23.200000 1.361636
23.400000 1.434744
23.600000 1.371652
23.800000 1.245208
24.000000 1.136812
24.200000 1.069660
24.400000 1.034090
24.600000 1.016561
24.800000 1.008159
25.000000 1.004150
25.200000 1.002218
25.400000 1.001267
25.600000 1.000784
25.800000 1.000527
26.000000 1.000383
26.200000 1.000297
26.400000 1.000243
26.600000 1.000207
26.800000 1.000181
27.000000 1.000163
27.200000 1.000152
27.400000 1.000144
27.600000 1.000140
27.800000 1.000137
28.000000 1.000134
28.200000 1.000131
28.400000 1.000128
28.600000 1.000124
28.800000 1.000121
29.000000 1.000120
29.200000 1.000120
29.400000 1.000120
29.600000 1.000119
29.800000 1.000118
30.000000 1.000117
30.200000 1.000115
30.400000 1.000113
30.600000 1.000113
30.800000 1.000113
31.000000 1.000114
31.200000 1.000114
31.400000 1.000114
31.600000 1.000113
31.800000 1.000111
32.000000 1.000110
32.200000 1.000110
32.400000 1.000110
32.600000 1.000111
32.800000 1.000112
33.000000 1.000112
33.200000 1.000111
33.400000 1.000110
33.600000 1.000109
33.800000 1.000108
34.000000 1.000108
34.200000 1.000109
34.400000 1.000110
34.600000 1.000110
34.800000 1.000109
35.000000 1.000108
35.200000 1.000107
35.400000 1.000106
35.600000 1.000105
35.800000 1.000106
36.000000 1.000106
36.200000 1.000107
36.400000 1.000106
36.600000 1.000105
36.800000 1.000104
37.000000 1.000102
37.200000 1.000100
37.400000 1.000100
37.600000 1.000100
37.800000 1.000100
38.000000 1.000100
38.200000 1.000100
38.400000 1.000099
38.600000 1.000097
38.800000 1.000096
39.000000 1.000094
39.200000 1.000094
39.400000 1.000095
39.600000 1.000095
39.800000 1.000096
40.000000 1.000096
40.200000 1.000095
40.400000 1.000093
40.600000 1.000091
40.800000 1.000090
41.000000 1.000089
41.200000 1.000089
41.400000 1.000089
41.600000 1.000090
41.800000 1.000090
42.000000 1.000090
42.200000 1.000090
42.400000 1.000088
42.600000 1.000087
42.800000 1.000086
43.000000 1.000086
43.200000 1.000086
43.400000 1.000086
43.600000 1.000086
43.800000 1.000086
44.000000 1.000086
44.200000 1.000085
44.400000 1.000084
44.600000 1.000083
44.800000 1.000083
45.000000 1.000083
45.200000 1.000083
45.400000 1.000084
45.600000 1.000084
45.800000 1.000084
46.000000 1.000083
46.200000 1.000082
46.400000 1.000081
46.600000 1.000080
46.800000 1.000080
47.000000 1.000080
47.200000 1.000081
47.400000 1.000082
47.600000 1.000083
47.800000 1.000083
48.000000 1.000082
48.200000 1.000081
48.400000 1.000080
48.600000 1.000079
48.800000 1.000078
49.000000 1.000078
49.200000 1.000079
49.400000 1.000080
49.600000 1.000081
49.800000 1.000082
50.000000 1.000082
50.200000 1.000082
50.400000 1.000081
50.600000 1.000080
50.800000 1.000079
51.000000 1.000078
51.200000 1.000078
51.400000 1.000079
51.600000 1.000080
51.800000 1.000081
52.000000 1.000082
52.200000 1.000083
52.400000 1.000083
52.600000 1.000082
52.800000 1.000081
53.000000 1.000080
53.200000 1.000080
53.400000 1.000080
53.600000 1.000081
53.800000 1.000082
54.000000 1.000083
54.200000 1.000084
54.400000 1.000084
54.600000 1.000084
54.800000 1.000083
55.000000 1.000083
55.200000 1.000083
55.400000 1.000083
55.600000 1.000084
55.800000 1.000085
56.000000 1.000086
56.200000 1.000086
56.400000 1.000086
56.600000 1.000086
56.800000 1.000086
57.000000 1.000086
57.200000 1.000086
57.400000 1.000087
57.600000 1.000088
57.800000 1.000090
58.000000 1.000090
58.200000 1.000090
58.400000 1.000090
58.600000 1.000089
58.800000 1.000089
59.000000 1.000089
59.200000 1.000090
59.400000 1.000091
59.600000 1.000093
59.800000 1.000095
60.000000 1.000096
60.200000 1.000096
60.400000 1.000095
60.600000 1.000095
60.800000 1.000094
61.000000 1.000094
61.200000 1.000096
61.400000 1.000097
61.600000 1.000099
61.800000 1.000100
62.000000 1.000100
62.200000 1.000100
62.400000 1.000100
62.600000 1.000100
62.800000 1.000100
63.000000 1.000102
63.200000 1.000104
63.400000 1.000105
63.600000 1.000106
63.800000 1.000107
64.000000 1.000106
64.200000 1.000106
64.400000 1.000105
64.600000 1.000106
64.800000 1.000107
65.000000 1.000108
65.200000 1.000109
65.400000 1.000110
65.600000 1.000110
65.800000 1.000109
66.000000 1.000108
66.200000 1.000108
66.400000 1.000109
66.600000 1.000110
66.800000 1.000111
67.000000 1.000112
67.200000 1.000112
67.400000 1.000111
67.600000 1.000110
67.800000 1.000110
68.000000 1.000110
68.200000 1.000111
68.400000 1.000113
68.600000 1.000114
68.800000 1.000114
69.000000 1.000114
69.200000 1.000113
69.400000 1.000113
69.600000 1.000113
69.800000 1.000115
70.000000 1.000117
70.200000 1.000119
70.400000 1.000120
70.600000 1.000120
70.800000 1.000121
71.000000 1.000121
71.200000 1.000123
71.400000 1.000126
71.600000 1.000131
71.800000 1.000136
72.000000 1.000141
72.200000 1.000146
72.400000 1.000152
72.600000 1.000161
72.800000 1.000176
73.000000 1.000199
73.200000 1.000234
73.400000 1.000288
73.600000 1.000373
73.800000 1.000518
74.000000 1.000777
74.200000 1.001262
74.400000 1.002211
74.600000 1.004131
74.800000 1.008101
75.000000 1.016401
75.200000 1.033707
75.400000 1.068834
75.600000 1.135249
75.800000 1.242822
76.000000 1.369261
76.200000 1.434132
76.400000 1.363460
76.600000 1.204100
76.800000 1.066862
77.000000 0.993692
77.200000 0.965214
77.400000 0.957154
77.600000 0.957059
77.800000 0.960406
78.000000 0.966094
78.200000 0.974753
78.400000 0.988108
78.600000 1.009346
78.800000 1.042316
79.000000 1.089914
79.200000 1.147787
79.400000 1.198353
79.600000 1.214309
79.800000 1.183078
80.000000 1.122688
80.200000 1.064752
80.400000 1.026346
80.600000 1.008220
80.800000 1.003874
81.000000 1.008369
81.200000 1.017964
81.400000 1.031481
81.600000 1.047458
81.800000 1.064951
82.000000 1.081443
82.200000 1.093359
82.400000 1.096938
82.600000 1.090016
82.800000 1.074729
83.000000 1.055743
83.200000 1.038749
83.400000 1.027549
83.600000 1.023225
83.800000 1.025304
84.000000 1.031181
84.200000 1.037686
84.400000 1.042129
84.600000 1.042372
84.800000 1.039622
85.000000 1.035529
85.200000 1.032188
85.400000 1.030597
85.600000 1.029552
85.800000 1.027796
86.000000 1.024727
86.200000 1.020350
86.400000 1.016550
86.600000 1.014517
86.800000 1.014270
87.000000 1.015306
87.200000 1.015957
87.400000 1.014968
87.600000 1.012668
87.800000 1.009971
88.000000 1.007782
88.200000 1.007085
88.400000 1.007202
88.600000 1.006999
88.800000 1.005942
89.000000 1.004247
89.200000 1.002293
89.400000 1.001463
89.600000 1.001838
89.800000 1.002437
90.000000 1.002361
90.200000 1.001733
90.400000 1.000465
90.600000 0.999745
90.800000 1.000234
91.000000 1.001115
91.200000 1.001107
91.400000 1.000751
91.600000 1.000186
91.800000 0.999806
92.000000 1.000274
92.200000 1.001335
92.400000 1.001233
92.600000 1.000471
92.800000 1.000281
93.000000 1.000539
93.200000 1.000634
93.400000 1.001099
93.600000 1.001096
93.800000 1.000245
94.000000 0.999973
94.200000 1.000952
94.400000 1.001203
94.600000 1.000511
94.800000 1.000336
95.000000 1.000716
95.200000 1.000608
95.400000 1.000673
95.600000 1.000977
95.800000 1.000650
96.000000 1.000111
96.200000 1.000667
96.400000 1.001258
96.600000 1.000668
96.800000 1.000028
97.000000 1.000627
97.200000 1.001186
97.400000 1.000696
97.600000 1.000188
97.800000 1.000598
98.000000 1.000999
98.200000 1.000719
98.400000 1.000375
98.600000 1.000572
98.800000 1.000837
99.000000 1.000730
99.200000 1.000500
99.400000 1.000553
99.600000 1.000756
99.800000 1.000756
