0.000000 1.000985
0.200000 1.000985
0.400000 1.000683
0.600000 1.000640
0.800000 1.000956
1.000000 1.001046
1.200000 1.000699
1.400000 1.000550
1.600000 1.000934
1.800000 1.001149
2.000000 1.000720
2.200000 1.000439
2.400000 1.000916
2.600000 1.001270
2.800000 1.000751
3.000000 1.000344
3.200000 1.000898
3.400000 1.001341
3.600000 1.000773
3.800000 1.000338
4.000000 1.000885
4.200000 1.001258
4.400000 1.000780
4.600000 1.000542
4.800000 1.000905
5.000000 1.000940
5.200000 1.000749
5.400000 1.000966
5.600000 1.000967
5.800000 1.000489
6.000000 1.000687
6.200000 1.001374
6.400000 1.001055
6.600000 1.000271
6.800000 1.000623
7.000000 1.001302
7.200000 1.001053
7.400000 1.000673
7.600000 1.000786
7.800000 1.000707
8.000000 1.000766
8.200000 1.001286
8.400000 1.001187
8.600000 1.000360
8.800000 1.000412
9.000000 1.001173
9.200000 1.001305
9.400000 1.000942
9.600000 1.000756
9.800000 1.000473
10.000000 1.000584
10.200000 1.001323
10.400000 1.001565
10.600000 1.000785
10.800000 1.000305
11.000000 1.000518
11.200000 1.000988
11.400000 1.001443
11.600000 1.001506
11.800000 1.000674
12.000000 1.000036
12.200000 1.000410
12.400000 1.001262
12.600000 1.001696
12.800000 1.001605
13.000000 1.000785
13.200000 1.000022
13.400000 1.000224
13.600000 1.001205
13.800000 1.001805
14.000000 1.001739
14.200000 1.000859
14.400000 0.999774
14.600000 0.999478
14.800000 1.000381
15.000000 1.001504
15.200000 1.002247
15.400000 1.002012
15.600000 1.000894
15.800000 0.999870
16.000000 1.000090
16.200000 1.001341
16.400000 1.003235
16.600000 1.004665
16.800000 1.004711
17.000000 1.003685
17.200000 1.002894
17.400000 1.003161
17.600000 1.005377
17.800000 1.008863
18.000000 1.011936
18.200000 1.013455
18.400000 1.013008
18.600000 1.011278
18.800000 1.010308
19.000000 1.011085
19.200000 1.013761
19.400000 1.017551
19.600000 1.020374
19.800000 1.021395
20.000000 1.020825
20.200000 1.020009
20.400000 1.021221
20.600000 1.025610
20.800000 1.032730
21.000000 1.040812
21.200000 1.046179
21.400000 1.046841
21.600000 1.042064
21.800000 1.033858
22.000000 1.025256
22.200000 1.018849
22.400000 1.016533
22.600000 1.019058
22.800000 1.026549
23.000000 1.038957
23.200000 1.055210
23.400000 1.073509
23.600000 1.090146
23.800000 1.100517
24.000000 1.100981
24.200000 1.090569
24.400000 1.072177
24.600000 1.049752
24.800000 1.027772
25.000000 1.008342
25.200000 0.993285
25.400000 0.982950
25.600000 0.979315
25.800000 0.985539
26.000000 1.009123
26.200000 1.059039
26.400000 1.136168
26.600000 1.214330
26.800000 1.247646
27.000000 1.215761
27.200000 1.145834
27.400000 1.076070
27.600000 1.024928
27.800000 0.992543
28.000000 0.973222
28.200000 0.961501
28.400000 0.953982
28.600000 0.948600
28.800000 0.944372
29.000000 0.940792
29.200000 0.937864
29.400000 0.936381
29.600000 0.939477
29.800000 0.957454
30.000000 1.017843
30.200000 1.164034
30.400000 1.387033
30.600000 1.539353
30.800000 1.491151
31.000000 1.322590
31.200000 1.171325
31.400000 1.081126
31.600000 1.036563
31.800000 1.016295
32.000000 1.007351
32.200000 1.003421
32.400000 1.001677
32.600000 1.000887
32.800000 1.000520
33.000000 1.000344
33.200000 1.000255
33.400000 1.000210
33.600000 1.000185
33.800000 1.000170
34.000000 1.000160
34.200000 1.000152
34.400000 1.000146
34.600000 1.000141
34.800000 1.000138
35.000000 1.000136
35.200000 1.000136
35.400000 1.000135
35.600000 1.000134
35.800000 1.000133
36.000000 1.000131
36.200000 1.000129
36.400000 1.000128
36.600000 1.000128
36.800000 1.000129
37.000000 1.000129
37.200000 1.000129
37.400000 1.000128
37.600000 1.000127
37.800000 1.000126
38.000000 1.000125
38.200000 1.000125
38.400000 1.000126
38.600000 1.000128
38.800000 1.000128
39.000000 1.000128
39.200000 1.000128
39.400000 1.000126
39.600000 1.000125
39.800000 1.000125
40.000000 1.000125
40.200000 1.000126
40.400000 1.000127
40.600000 1.000128
40.800000 1.000128
41.000000 1.000127
41.200000 1.000127
41.400000 1.000126
41.600000 1.000126
41.800000 1.000127
42.000000 1.000127
42.200000 1.000127
42.400000 1.000127
42.600000 1.000126
42.800000 1.000124
43.000000 1.000123
43.200000 1.000123
43.400000 1.000123
43.600000 1.000124
43.800000 1.000125
44.000000 1.000125
44.200000 1.000125
44.400000 1.000123
44.600000 1.000121
44.800000 1.000120
45.000000 1.000119
45.200000 1.000119
45.400000 1.000120
45.600000 1.000121
45.800000 1.000123
46.000000 1.000123
46.200000 1.000122
46.400000 1.000121
46.600000 1.000118
46.800000 1.000117
47.000000 1.000116
47.200000 1.000116
47.400000 1.000118
47.600000 1.000119
47.800000 1.000121
48.000000 1.000121
48.200000 1.000120
48.400000 1.000119
48.600000 1.000117
48.800000 1.000115
49.000000 1.000115
49.200000 1.000115
49.400000 1.000117
49.600000 1.000119
49.800000 1.000120
50.000000 1.000121
50.200000 1.000120
50.400000 1.000119
50.600000 1.000117
50.800000 1.000115
51.000000 1.000115
51.200000 1.000115
51.400000 1.000117
51.600000 1.000119
51.800000 1.000120
52.000000 1.000121
52.200000 1.000121
52.400000 1.000119
52.600000 1.000118
52.800000 1.000116
53.000000 1.000116
53.200000 1.000117
53.400000 1.000118
53.600000 1.000121
53.800000 1.000122
54.000000 1.000123
54.200000 1.000123
54.400000 1.000121
54.600000 1.000120
54.800000 1.000119
55.000000 1.000119
55.200000 1.000120
55.400000 1.000121
55.600000 1.000123
55.800000 1.000125
56.000000 1.000125
56.200000 1.000125
56.400000 1.000124
56.600000 1.000123
56.800000 1.000123
57.000000 1.000123
57.200000 1.000124
57.400000 1.000126
57.600000 1.000127
57.800000 1.000127
58.000000 1.000127
58.200000 1.000127
58.400000 1.000126
58.600000 1.000126
58.800000 1.000127
59.000000 1.000127
59.200000 1.000128
59.400000 1.000128
59.600000 1.000127
59.800000 1.000126
60.000000 1.000125
60.200000 1.000125
60.400000 1.000125
60.600000 1.000126
60.800000 1.000128
61.000000 1.000128
61.200000 1.000128
61.400000 1.000128
61.600000 1.000126
61.800000 1.000125
62.000000 1.000125
62.200000 1.000126
62.400000 1.000127
62.600000 1.000128
62.800000 1.000129
63.000000 1.000129
63.200000 1.000129
63.400000 1.000129
63.600000 1.000129
63.800000 1.000130
64.000000 1.000131
64.200000 1.000134
64.400000 1.000135
64.600000 1.000137
64.800000 1.000138
65.000000 1.000140
65.200000 1.000143
65.400000 1.000148
65.600000 1.000156
65.800000 1.000167
66.000000 1.000184
66.200000 1.000210
66.400000 1.000254
66.600000 1.000340
66.800000 1.000511
67.000000 1.000871
67.200000 1.001648
67.400000 1.003367
67.600000 1.007237
67.800000 1.016033
68.000000 1.035949
68.200000 1.079742
68.400000 1.168539
68.600000 1.318200
68.800000 1.487090
69.000000 1.539394
69.200000 1.391371
69.400000 1.168546
69.600000 1.020346
69.800000 0.958495
70.000000 0.939889
70.200000 0.936565
70.400000 0.937948
70.600000 0.940832
70.800000 0.944367
71.000000 0.948599
71.200000 0.953965
71.400000 0.961544
71.600000 0.973258
71.800000 0.992630
72.000000 1.024841
72.200000 1.075723
72.400000 1.144871
72.600000 1.214442
72.800000 1.246539
73.000000 1.214423
73.200000 1.137299
73.400000 1.060733
73.600000 1.010583
73.800000 0.986812
74.000000 0.980014
74.200000 0.983425
74.400000 0.993064
74.600000 1.007938
74.800000 1.026816
75.000000 1.049004
75.200000 1.071460
75.400000 1.090478
75.600000 1.101054
75.800000 1.100709
76.000000 1.090035
76.200000 1.073193
76.400000 1.055043
76.600000 1.039086
76.800000 1.027284
77.000000 1.020009
77.200000 1.017472
77.400000 1.019357
77.600000 1.024967
77.800000 1.032972
78.000000 1.040829
78.200000 1.045835
78.400000 1.046098
78.600000 1.041288
78.800000 1.033901
79.000000 1.026394
79.200000 1.021475
79.400000 1.019662
79.600000 1.019943
79.800000 1.020765
80.000000 1.020245
80.200000 1.017843
80.400000 1.014564
80.600000 1.011528
80.800000 1.010288
81.000000 1.010936
81.200000 1.012246
81.400000 1.013086
81.600000 1.012056
81.800000 1.009219
82.000000 1.005950
82.200000 1.003468
82.400000 1.002596
82.600000 1.003370
82.800000 1.004290
83.000000 1.004481
83.200000 1.003521
83.400000 1.001727
83.600000 1.000196
83.800000 0.999945
84.000000 1.000572
84.200000 1.001636
84.400000 1.002211
84.600000 1.001705
84.800000 1.000520
85.000000 0.999765
85.200000 0.999688
85.400000 1.000492
85.600000 1.001560
85.800000 1.001908
86.000000 1.001255
86.200000 1.000519
86.400000 1.000113
86.600000 1.000447
86.800000 1.001340
87.000000 1.001855
87.200000 1.001298
87.400000 1.000560
87.600000 1.000214
87.800000 1.000419
88.000000 1.001117
88.200000 1.001688
88.400000 1.001185
88.600000 1.000422
88.800000 1.000371
89.000000 1.000776
89.200000 1.001136
89.400000 1.001445
89.600000 1.001053
89.800000 1.000294
90.000000 1.000409
90.200000 1.001182
90.400000 1.001255
90.600000 1.000936
90.800000 1.000780
91.000000 1.000535
91.200000 1.000556
91.400000 1.001258
91.600000 1.001363
91.800000 1.000542
92.000000 1.000357
92.200000 1.001019
92.400000 1.001121
92.600000 1.000828
92.800000 1.000873
93.000000 1.000752
93.200000 1.000506
93.400000 1.000975
93.600000 1.001355
93.800000 1.000697
94.000000 1.000265
94.200000 1.000962
94.400000 1.001330
94.600000 1.000713
94.800000 1.000469
95.000000 1.000925
95.200000 1.001005
95.400000 1.000738
95.600000 1.000823
95.800000 1.000902
96.000000 1.000666
96.200000 1.000736
96.400000 1.001097
96.600000 1.000919
96.800000 1.000467
97.000000 1.000698
97.200000 1.001212
97.400000 1.000959
97.600000 1.000406
97.800000 1.000641
98.000000 1.001214
98.200000 1.001009
98.400000 1.000430
98.600000 1.000587
98.800000 1.001169
99.000000 1.001064
99.200000 1.000488
99.400000 1.000541
99.600000 1.001114
99.800000 1.001114
