0.000000 1.001979
0.200000 1.001979
0.400000 1.002179
0.600000 1.002184
0.800000 1.001993
1.000000 1.001990
1.200000 1.002168
1.400000 1.002174
1.600000 1.002018
1.800000 1.002022
2.000000 1.002150
2.200000 1.002140
2.400000 1.002048
2.600000 1.002081
2.800000 1.002135
3.000000 1.002087
3.200000 1.002081
3.400000 1.002171
3.600000 1.002129
3.800000 1.002019
4.000000 1.002121
4.200000 1.002282
4.400000 1.002124
4.600000 1.001938
4.800000 1.002165
5.000000 1.002406
5.200000 1.002122
5.400000 1.001856
5.600000 1.002197
5.800000 1.002501
6.000000 1.002121
6.200000 1.001819
6.400000 1.002237
6.600000 1.002557
6.800000 1.002152
7.000000 1.001890
7.200000 1.002284
7.400000 1.002509
7.600000 1.002179
7.800000 1.002066
8.000000 1.002317
8.200000 1.002331
8.400000 1.002189
8.600000 1.002333
8.800000 1.002367
9.000000 1.002123
9.200000 1.002222
9.400000 1.002607
9.600000 1.002404
9.800000 1.001978
10.000000 1.002278
10.200000 1.002757
10.400000 1.002434
10.600000 1.002058
10.800000 1.002387
11.000000 1.002673
11.200000 1.002415
11.400000 1.002351
11.600000 1.002501
11.800000 1.002390
12.000000 1.002400
12.200000 1.002770
12.400000 1.002632
12.600000 1.002161
12.800000 1.002407
13.000000 1.002969
13.200000 1.002708
13.400000 1.002291
13.600000 1.002506
13.800000 1.002750
14.000000 1.002672
14.200000 1.002799
14.400000 1.002763
14.600000 1.002394
14.800000 1.002547
15.000000 1.003162
15.200000 1.003018
15.400000 1.002485
15.600000 1.002579
15.800000 1.002915
16.000000 1.002933
16.200000 1.003044
16.400000 1.002993
16.600000 1.002592
16.800000 1.002662
17.000000 1.003309
17.200000 1.003345
17.400000 1.002897
17.600000 1.002806
17.800000 1.002967
18.000000 1.003084
18.200000 1.003410
18.400000 1.003393
18.600000 1.002896
18.800000 1.002821
19.000000 1.003374
19.200000 1.003589
19.400000 1.003446
19.600000 1.003265
19.800000 1.003065
20.000000 1.003135
20.200000 1.003721
20.400000 1.003904
20.600000 1.003465
20.800000 1.003135
21.000000 1.003295
21.200000 1.003622
21.400000 1.004074
21.600000 1.004118
21.800000 1.003567
22.000000 1.003179
22.200000 1.003511
22.400000 1.004038
22.600000 1.004357
22.800000 1.004274
23.000000 1.003772
23.200000 1.003408
23.400000 1.003800
23.600000 1.004379
23.800000 1.004620
24.000000 1.004423
24.200000 1.004018
24.400000 1.003744
24.600000 1.004143
24.800000 1.004770
25.000000 1.004937
25.200000 1.004639
25.400000 1.004205
25.600000 1.003958
25.800000 1.004412
26.000000 1.005173
26.200000 1.005516
26.400000 1.005228
26.600000 1.004634
26.800000 1.004135
27.000000 1.004376
27.200000 1.005245
27.400000 1.005963
27.600000 1.006053
27.800000 1.005560
28.000000 1.004742
28.200000 1.004462
28.400000 1.005000
28.600000 1.005855
28.800000 1.006442
29.000000 1.006422
29.200000 1.005716
29.400000 1.005112
29.600000 1.005242
29.800000 1.006003
30.000000 1.006968
30.200000 1.007486
30.400000 1.006998
30.600000 1.006024
30.800000 1.005340
31.000000 1.005359
31.200000 1.006327
31.400000 1.007546
31.600000 1.008029
31.800000 1.007653
32.000000 1.006591
32.200000 1.005626
32.400000 1.005841
32.600000 1.007126
32.800000 1.008891
33.000000 1.010226
33.200000 1.010126
33.400000 1.008792
33.600000 1.007153
33.800000 1.005989
34.000000 1.006188
34.200000 1.007501
34.400000 1.009040
34.600000 1.010003
34.800000 1.009701
35.000000 1.008352
35.200000 1.007171
35.400000 1.006842
35.600000 1.008015
35.800000 1.010261
36.000000 1.012443
36.200000 1.013738
36.400000 1.013567
36.600000 1.011874
36.800000 1.009984
37.000000 1.008445
37.200000 1.008267
37.400000 1.009243
37.600000 1.010607
37.800000 1.011849
38.000000 1.012505
38.200000 1.013522
38.400000 1.019016
38.600000 1.048630
38.800000 1.198906
39.000000 1.830694
39.200000 3.453565
39.400000 4.517783
39.600000 2.726432
39.800000 0.901487
40.000000 0.616341
40.200000 0.626145
40.400000 0.646744
40.600000 0.624143
40.800000 0.660512
41.000000 0.644400
41.200000 0.723351
41.400000 0.687756
41.600000 0.736016
41.800000 0.686168
42.000000 0.728898
42.200000 0.696957
42.400000 0.797743
42.600000 0.727767
42.800000 0.870897
43.000000 0.659066
43.200000 0.774730
43.400000 0.782547
43.600000 0.843744
43.800000 1.005162
44.000000 0.717612
44.200000 0.801563
44.400000 0.942875
44.600000 1.145028
44.800000 1.059341
45.000000 0.862578
45.200000 0.734740
45.400000 0.728815
45.600000 0.733468
45.800000 0.877182
46.000000 0.984659
46.200000 0.872151
46.400000 1.027633
46.600000 0.906843
46.800000 0.850444
47.000000 0.924729
47.200000 1.013781
47.400000 1.139881
47.600000 1.154347
47.800000 1.435339
48.000000 1.828493
48.200000 1.419383
48.400000 1.268475
48.600000 1.176319
48.800000 0.966739
49.000000 0.888345
49.200000 0.762213
49.400000 1.018461
49.600000 0.871049
49.800000 0.996366
50.000000 0.885415
50.200000 1.016188
50.400000 0.759806
50.600000 0.877951
50.800000 0.989948
51.000000 1.150956
51.200000 1.256840
51.400000 1.415931
51.600000 1.819783
51.800000 1.464260
52.000000 1.159365
52.200000 1.133585
52.400000 1.025040
52.600000 0.928576
52.800000 0.840072
53.000000 0.911612
53.200000 1.011984
53.400000 0.909758
53.600000 0.941644
53.800000 0.880579
54.000000 0.760679
54.200000 0.685912
54.400000 0.722661
54.600000 0.780478
54.800000 0.953562
55.000000 1.183122
55.200000 1.058068
55.400000 0.901722
55.600000 0.752936
55.800000 0.966697
56.000000 0.898647
56.200000 0.762717
56.400000 0.803058
56.600000 0.656558
56.800000 0.859163
57.000000 0.743828
57.200000 0.788093
57.400000 0.713323
57.600000 0.723332
57.800000 0.695337
58.000000 0.736190
58.200000 0.691444
58.400000 0.728097
58.600000 0.650403
58.800000 0.668069
59.000000 0.628164
59.200000 0.650287
59.400000 0.630339
59.600000 0.625323
59.800000 0.936592
60.000000 2.776734
60.200000 4.471828
60.400000 3.370120
60.600000 1.795217
60.800000 1.190958
61.000000 1.046994
61.200000 1.018045
61.400000 1.012701
61.600000 1.011630
61.800000 1.011548
62.000000 1.010726
62.200000 1.009651
62.400000 1.008740
62.600000 1.008554
62.800000 1.009583
63.000000 1.011281
63.200000 1.012732
63.400000 1.013339
63.600000 1.012429
63.800000 1.010536
64.000000 1.008451
64.200000 1.006987
64.400000 1.006857
64.600000 1.007894
64.800000 1.009022
65.000000 1.009672
65.200000 1.009116
65.400000 1.007739
65.600000 1.006526
65.800000 1.006075
66.000000 1.006769
66.200000 1.008356
66.400000 1.009643
66.600000 1.009999
66.800000 1.009098
67.000000 1.007361
67.200000 1.005962
67.400000 1.005582
67.600000 1.006163
67.800000 1.007262
68.000000 1.007884
68.200000 1.007519
68.400000 1.006543
68.600000 1.005533
68.800000 1.005178
69.000000 1.005781
69.200000 1.006721
69.400000 1.007234
69.600000 1.007062
69.800000 1.006159
70.000000 1.005245
70.200000 1.005056
70.400000 1.005480
70.600000 1.006097
70.800000 1.006429
71.000000 1.005934
71.200000 1.005080
71.400000 1.004544
71.600000 1.004591
71.800000 1.005212
72.000000 1.005922
72.200000 1.005927
72.400000 1.005313
72.600000 1.004552
72.800000 1.004131
73.000000 1.004350
73.200000 1.005065
73.400000 1.005406
73.600000 1.005154
73.800000 1.004574
74.000000 1.004031
74.200000 1.003969
74.400000 1.004499
74.600000 1.004855
74.800000 1.004724
75.000000 1.004267
75.200000 1.003843
75.400000 1.003770
75.600000 1.004249
75.800000 1.004600
76.000000 1.004368
76.200000 1.003881
76.400000 1.003535
76.600000 1.003527
76.800000 1.004032
77.000000 1.004401
77.200000 1.004105
77.400000 1.003507
77.600000 1.003287
77.800000 1.003385
78.000000 1.003822
78.200000 1.004153
78.400000 1.003815
78.600000 1.003182
78.800000 1.003117
79.000000 1.003409
79.200000 1.003649
79.400000 1.003745
79.600000 1.003436
79.800000 1.002908
80.000000 1.003024
80.200000 1.003517
80.400000 1.003552
80.600000 1.003258
80.800000 1.003067
81.000000 1.002853
81.200000 1.002994
81.400000 1.003458
81.600000 1.003371
81.800000 1.002772
82.000000 1.002715
82.200000 1.003024
82.400000 1.003112
82.600000 1.003146
82.800000 1.003057
83.000000 1.002577
83.200000 1.002543
83.400000 1.003111
83.600000 1.003187
83.800000 1.002661
84.000000 1.002563
84.200000 1.002715
84.400000 1.002725
84.600000 1.002895
84.800000 1.002979
85.000000 1.002467
85.200000 1.002272
85.400000 1.002826
85.600000 1.003002
85.800000 1.002488
86.000000 1.002365
86.200000 1.002595
86.400000 1.002562
86.600000 1.002575
86.800000 1.002728
87.000000 1.002417
87.200000 1.002149
87.400000 1.002585
87.600000 1.002863
87.800000 1.002335
88.000000 1.002088
88.200000 1.002516
88.400000 1.002642
88.600000 1.002313
88.800000 1.002307
89.000000 1.002416
89.200000 1.002276
89.400000 1.002325
89.600000 1.002565
89.800000 1.002311
90.000000 1.001977
90.200000 1.002307
90.400000 1.002654
90.600000 1.002232
90.800000 1.001898
91.000000 1.002297
91.200000 1.002567
91.400000 1.002180
91.600000 1.001989
91.800000 1.002268
92.000000 1.002348
92.200000 1.002143
92.400000 1.002176
92.600000 1.002256
92.800000 1.002112
93.000000 1.002100
93.200000 1.002331
93.400000 1.002234
93.600000 1.001918
93.800000 1.002052
94.000000 1.002413
94.200000 1.002209
94.400000 1.001809
94.600000 1.002025
94.800000 1.002444
95.000000 1.002205
95.200000 1.001782
95.400000 1.002003
95.600000 1.002413
95.800000 1.002192
96.000000 1.001795
96.200000 1.001982
96.400000 1.002351
96.600000 1.002178
96.800000 1.001833
97.000000 1.001969
97.200000 1.002280
97.400000 1.002160
97.600000 1.001874
97.800000 1.001964
98.000000 1.002223
98.200000 1.002152
98.400000 1.001913
98.600000 1.001961
98.800000 1.002180
99.000000 1.002146
99.200000 1.001935
99.400000 1.001952
99.600000 1.002158
99.800000 1.002158
