# xi	w	z
0.000001	1.000000	0.000000
0.010001	0.999950	-0.000001
0.020001	0.999900	-0.005000
0.030001	0.999825	-0.009165
0.040001	0.999714	-0.012843
0.050001	0.999568	-0.016342
0.060001	0.999387	-0.019765
0.070001	0.999172	-0.023149
0.080001	0.998924	-0.026511
0.090001	0.998642	-0.029858
0.100001	0.998327	-0.033195
0.110001	0.997978	-0.036525
0.120001	0.997596	-0.039847
0.130001	0.997181	-0.043164
0.140001	0.996733	-0.046475
0.150001	0.996252	-0.049780
0.160001	0.995737	-0.053080
0.170001	0.995190	-0.056374
0.180001	0.994610	-0.059662
0.190001	0.993997	-0.062945
0.200001	0.993351	-0.066221
0.210001	0.992672	-0.069491
0.220001	0.991961	-0.072754
0.230001	0.991217	-0.076011
0.240001	0.990441	-0.079260
0.250001	0.989632	-0.082502
0.260001	0.988791	-0.085736
0.270001	0.987917	-0.088963
0.280001	0.987011	-0.092181
0.290001	0.986073	-0.095391
0.300001	0.985103	-0.098593
0.310001	0.984101	-0.101785
0.320001	0.983068	-0.104968
0.330001	0.982002	-0.108142
0.340001	0.980905	-0.111306
0.350001	0.979776	-0.114460
0.360001	0.978615	-0.117604
0.370001	0.977424	-0.120737
0.380001	0.976200	-0.123859
0.390001	0.974946	-0.126970
0.400001	0.973661	-0.130070
0.410001	0.972345	-0.133158
0.420001	0.970998	-0.136235
0.430001	0.969620	-0.139299
0.440001	0.968212	-0.142351
0.450001	0.966773	-0.145390
0.460001	0.965304	-0.148417
0.470001	0.963804	-0.151430
0.480001	0.962275	-0.154430
0.490001	0.960716	-0.157417
0.500001	0.959127	-0.160389
0.510001	0.957508	-0.163348
0.520001	0.955859	-0.166292
0.530001	0.954182	-0.169222
0.540001	0.952475	-0.172136
0.550001	0.950739	-0.175036
0.560001	0.948974	-0.177921
0.570001	0.947180	-0.180790
0.580001	0.945358	-0.183643
0.590001	0.943507	-0.186481
0.600001	0.941628	-0.189302
0.610001	0.939721	-0.192107
0.620001	0.937786	-0.194896
0.630001	0.935823	-0.197667
0.640001	0.933833	-0.200422
0.650001	0.931815	-0.203159
0.660001	0.929769	-0.205880
0.670001	0.927697	-0.208582
0.680001	0.925597	-0.211267
0.690001	0.923471	-0.213933
0.700001	0.921319	-0.216582
0.710001	0.919140	-0.219212
0.720001	0.916934	-0.221824
0.730001	0.914703	-0.224417
0.740001	0.912446	-0.226991
0.750001	0.910163	-0.229546
0.760001	0.907855	-0.232081
0.770001	0.905521	-0.234597
0.780001	0.903163	-0.237094
0.790001	0.900779	-0.239571
0.800001	0.898371	-0.242028
0.810001	0.895938	-0.244464
0.820001	0.893481	-0.246881
0.830001	0.891001	-0.249277
0.840001	0.888496	-0.251652
0.850001	0.885967	-0.254007
0.860001	0.883415	-0.256341
0.870001	0.880840	-0.258654
0.880001	0.878242	-0.260946
0.890001	0.875621	-0.263217
0.900001	0.872978	-0.265466
0.910001	0.870312	-0.267693
0.920001	0.867624	-0.269899
0.930001	0.864914	-0.272084
0.940001	0.862182	-0.274246
0.950001	0.859428	-0.276386
0.960001	0.856654	-0.278504
0.970001	0.853858	-0.280600
0.980001	0.851042	-0.282674
0.990001	0.848204	-0.284725
1.000001	0.845347	-0.286753
1.010001	0.842469	-0.288759
1.020001	0.839572	-0.290743
1.030001	0.836654	-0.292703
1.040001	0.833717	-0.294640
1.050001	0.830761	-0.296555
1.060001	0.827786	-0.298446
1.070001	0.824792	-0.300314
1.080001	0.821779	-0.302159
1.090001	0.818749	-0.303981
1.100001	0.815700	-0.305779
1.110001	0.812633	-0.307554
1.120001	0.809548	-0.309305
1.130001	0.806447	-0.311033
1.140001	0.803328	-0.312737
1.150001	0.800192	-0.314417
1.160001	0.797039	-0.316074
1.170001	0.793870	-0.317707
1.180001	0.790685	-0.319316
1.190001	0.787483	-0.320901
1.200001	0.784266	-0.322462
1.210001	0.781034	-0.324000
1.220001	0.777786	-0.325513
1.230001	0.774523	-0.327003
1.240001	0.771246	-0.328468
1.250001	0.767954	-0.329909
1.260001	0.764647	-0.331327
1.270001	0.761327	-0.332720
1.280001	0.757993	-0.334089
1.290001	0.754645	-0.335434
1.300001	0.751284	-0.336755
1.310001	0.747910	-0.338052
1.320001	0.744523	-0.339325
1.330001	0.741123	-0.340573
1.340001	0.737711	-0.341798
1.350001	0.734287	-0.342999
1.360001	0.730851	-0.344175
1.370001	0.727403	-0.345327
1.380001	0.723944	-0.346456
1.390001	0.720474	-0.347560
1.400001	0.716993	-0.348640
1.410001	0.713501	-0.349696
1.420001	0.709998	-0.350729
1.430001	0.706486	-0.351737
1.440001	0.702964	-0.352721
1.450001	0.699431	-0.353682
1.460001	0.695890	-0.354619
1.470001	0.692339	-0.355532
1.480001	0.688779	-0.356421
1.490001	0.685210	-0.357287
1.500001	0.681633	-0.358129
1.510001	0.678047	-0.358947
1.520001	0.674454	-0.359742
1.530001	0.670852	-0.360514
1.540001	0.667243	-0.361262
1.550001	0.663627	-0.361986
1.560001	0.660003	-0.362688
1.570001	0.656373	-0.363366
1.580001	0.652736	-0.364021
1.590001	0.649092	-0.364653
1.600001	0.645442	-0.365262
1.610001	0.641787	-0.365848
1.620001	0.638125	-0.366411
1.630001	0.634458	-0.366952
1.640001	0.630786	-0.367469
1.650001	0.627109	-0.367964
1.660001	0.623426	-0.368437
1.670001	0.619740	-0.368887
1.680001	0.616048	-0.369315
1.690001	0.612353	-0.369721
1.700001	0.608654	-0.370104
1.710001	0.604951	-0.370466
1.720001	0.601244	-0.370805
1.730001	0.597534	-0.371123
1.740001	0.593822	-0.371419
1.750001	0.590106	-0.371694
1.760001	0.586388	-0.371946
1.770001	0.582667	-0.372178
1.780001	0.578944	-0.372388
1.790001	0.575219	-0.372577
1.800001	0.571492	-0.372745
1.810001	0.567764	-0.372892
1.820001	0.564034	-0.373018
1.830001	0.560303	-0.373123
1.840001	0.556571	-0.373208
1.850001	0.552839	-0.373273
1.860001	0.549106	-0.373317
1.870001	0.545372	-0.373340
1.880001	0.541639	-0.373344
1.890001	0.537905	-0.373328
1.900001	0.534172	-0.373292
1.910001	0.530439	-0.373236
1.920001	0.526707	-0.373161
1.930001	0.522976	-0.373066
1.940001	0.519245	-0.372952
1.950001	0.515516	-0.372819
1.960001	0.511789	-0.372667
1.970001	0.508063	-0.372496
1.980001	0.504339	-0.372306
1.990001	0.500616	-0.372098
2.000001	0.496896	-0.371872
2.010001	0.493179	-0.371627
2.020001	0.489464	-0.371363
2.030001	0.485751	-0.371082
2.040001	0.482042	-0.370783
2.050001	0.478336	-0.370467
2.060001	0.474632	-0.370133
2.070001	0.470933	-0.369781
2.080001	0.467237	-0.369412
2.090001	0.463544	-0.369027
2.100001	0.459856	-0.368624
2.110001	0.456172	-0.368204
2.120001	0.452492	-0.367768
2.130001	0.448816	-0.367316
2.140001	0.445145	-0.366847
2.150001	0.441479	-0.366362
2.160001	0.437818	-0.365861
2.170001	0.434162	-0.365344
2.180001	0.430511	-0.364811
2.190001	0.426865	-0.364263
2.200001	0.423225	-0.363700
2.210001	0.419591	-0.363122
2.220001	0.415963	-0.362528
2.230001	0.412340	-0.361920
2.240001	0.408724	-0.361297
2.250001	0.405114	-0.360659
2.260001	0.401511	-0.360008
2.270001	0.397914	-0.359342
2.280001	0.394324	-0.358662
2.290001	0.390740	-0.357968
2.300001	0.387164	-0.357260
2.310001	0.383595	-0.356539
2.320001	0.380033	-0.355805
2.330001	0.376479	-0.355057
2.340001	0.372932	-0.354296
2.350001	0.369393	-0.353523
2.360001	0.365861	-0.352737
2.370001	0.362338	-0.351938
2.380001	0.358822	-0.351127
2.390001	0.355315	-0.350304
2.400001	0.351816	-0.349469
2.410001	0.348325	-0.348622
2.420001	0.344843	-0.347763
2.430001	0.341370	-0.346893
2.440001	0.337905	-0.346011
2.450001	0.334450	-0.345119
2.460001	0.331003	-0.344215
2.470001	0.327565	-0.343301
2.480001	0.324137	-0.342376
2.490001	0.320718	-0.341440
2.500001	0.317308	-0.340494
2.510001	0.313908	-0.339538
2.520001	0.310517	-0.338572
2.530001	0.307136	-0.337596
2.540001	0.303765	-0.336610
2.550001	0.300404	-0.335616
2.560001	0.297052	-0.334611
2.570001	0.293711	-0.333598
2.580001	0.290380	-0.332575
2.590001	0.287060	-0.331544
2.600001	0.283749	-0.330504
2.610001	0.280449	-0.329456
2.620001	0.277160	-0.328399
2.630001	0.273881	-0.327334
2.640001	0.270613	-0.326262
2.650001	0.267356	-0.325181
2.660001	0.264109	-0.324093
2.670001	0.260874	-0.322997
2.680001	0.257649	-0.321894
2.690001	0.254436	-0.320784
2.700001	0.251234	-0.319666
2.710001	0.248042	-0.318542
2.720001	0.244863	-0.317411
2.730001	0.241694	-0.316274
2.740001	0.238537	-0.315130
2.750001	0.235391	-0.313981
2.760001	0.232257	-0.312825
2.770001	0.229135	-0.311663
2.780001	0.226024	-0.310495
2.790001	0.222925	-0.309322
2.800001	0.219837	-0.308144
2.810001	0.216762	-0.306960
2.820001	0.213698	-0.305771
2.830001	0.210646	-0.304577
2.840001	0.207606	-0.303379
2.850001	0.204579	-0.302175
2.860001	0.201563	-0.300968
2.870001	0.198559	-0.299756
2.880001	0.195568	-0.298539
2.890001	0.192588	-0.297319
2.900001	0.189621	-0.296095
2.910001	0.186666	-0.294867
2.920001	0.183724	-0.293636
2.930001	0.180793	-0.292401
2.940001	0.177876	-0.291163
2.950001	0.174970	-0.289921
2.960001	0.172077	-0.288677
2.970001	0.169196	-0.287430
2.980001	0.166328	-0.286180
2.990001	0.163473	-0.284928
3.000001	0.160630	-0.283673
3.010001	0.157799	-0.282416
3.020001	0.154981	-0.281157
3.030001	0.152176	-0.279896
3.040001	0.149383	-0.278633
3.050001	0.146603	-0.277368
3.060001	0.143836	-0.276102
3.070001	0.141081	-0.274834
3.080001	0.138339	-0.273565
3.090001	0.135610	-0.272295
3.100001	0.132893	-0.271024
3.110001	0.130189	-0.269752
3.120001	0.127498	-0.268479
3.130001	0.124820	-0.267206
3.140001	0.122154	-0.265932
3.150001	0.119501	-0.264658
3.160001	0.116861	-0.263384
3.170001	0.114233	-0.262110
3.180001	0.111618	-0.260836
3.190001	0.109016	-0.259562
3.200001	0.106427	-0.258288
3.210001	0.103851	-0.257015
3.220001	0.101287	-0.255742
3.230001	0.098736	-0.254470
3.240001	0.096197	-0.253199
3.250001	0.093672	-0.251929
3.260001	0.091159	-0.250660
3.270001	0.088658	-0.249393
3.280001	0.086171	-0.248127
3.290001	0.083696	-0.246862
3.300001	0.081233	-0.245599
3.310001	0.078784	-0.244338
3.320001	0.076347	-0.243078
3.330001	0.073922	-0.241821
3.340001	0.071510	-0.240565
3.350001	0.069111	-0.239312
3.360001	0.066724	-0.238062
3.370001	0.064349	-0.236814
3.380001	0.061988	-0.235569
3.390001	0.059638	-0.234326
3.400001	0.057301	-0.233086
3.410001	0.054976	-0.231850
3.420001	0.052664	-0.230616
3.430001	0.050364	-0.229386
3.440001	0.048076	-0.228160
3.450001	0.045801	-0.226937
3.460001	0.043537	-0.225717
3.470001	0.041286	-0.224502
3.480001	0.039047	-0.223290
3.490001	0.036820	-0.222083
3.500001	0.034606	-0.220880
3.510001	0.032403	-0.219681
3.520001	0.030212	-0.218487
3.530001	0.028033	-0.217298
3.540001	0.025866	-0.216114
3.550001	0.023711	-0.214934
3.560001	0.021567	-0.213760
3.570001	0.019436	-0.212591
3.580001	0.017315	-0.211428
3.590001	0.015207	-0.210270
3.600001	0.013110	-0.209119
3.610001	0.011025	-0.207973
3.620001	0.008951	-0.206834
3.630001	0.006888	-0.205702
3.640001	0.004836	-0.204577
3.650001	0.002796	-0.203459
3.660001	0.000767	-0.202348
# First root found at xi ≈ 3.670001
